35.4857134054869,96.6823017108328,34.0651252174377,111.06997886326,40.0869700253665,114.41084723744,55.8840808868408,96.7795257568359,34.3291135737917,81.6251528917161,41.2534247762789,127.642468396355,38.283561706543,156.496368408203,36.9222183227539,99.6529362996419,67.9752708103346,0,72.2353646289343,135.157897949219,85.3550567626953,0,0,107.655611419678,0,107.378263201032,0,0,59.16223413804,103.691959727894,0,0,0,114.546650398068,0,0,0,0,70.8286725212546,116.431412797633,0,0,98.7166290283203,0,0,0,0,0,0,0,0,0,0,0,0,0,0,0,0,0,81.2956021866708,126.564220004612,0,0,64.5396780297459,0,52.6839744166324,108.594431559245,0,0,0,0,0,0,0,0,0,0,0,0,0,0,0,0,0,0,0,0,0,0,0,0,0,0,0,0,0,0,0,0,0,0,159.004379272461,0,0,0,152.682640075684,0,0,0,0,0,0,0,99.0702234903971,0,0,0,0,0,0,0,0,0,167.780383183406,257.034399414062,128.473307291667,0,0,0,93.37765053527,0,0,0,132.712138175964,0,119.412217712402,0,0,0,0,0,0,0,0,0,113.331657241063,0,98.1059704589844,0,110.721298137464,0,104.248005657196,221.832138061523,0,0,0,0,0,0,102.740480460373,176.938540649414,0,0,0,0,0,0,76.1761108398437,122.680297851562,0,0,70.4978131103516,0,43.1978001748362,0,37.152231470278,49.797406985436,38.3015263875326,89.9554788340693,130.914030710856,0,31.5956796394826,81.06140403101,41.8236049083953,0,0,0,0,0,0,0,0,0,0,0,0,0,0,0,142.932423400879,0,0,0,0,0,0,0,135.53775361005,0,0,0,0,0,93.374689919608,0,109.705240249634,0,90.0067138671875,126.861022949219,66.7678422546387,107.488401412964,81.3234710693359,0,70.1588278377757,0,44.6821358086282,74.1713965279715,66.5540083064589,117.36695505778,74.9405590693156,0,73.2173379516602,115.975149076812,88.5339780535017,247.699978637695,0,0,81.7278644755735,237.736801147461,92.1299357614117,0,0,0,73.4366127946642,154.443780633468,109.4416847229,158.062789916992,0,0,0,0,148.575904846191,0,0,148.889862060547,0,0,0,0,0,150.195838928223,0,0,148.255670166016,0,0,0,157.672554016113,0,137.990531921387,127.275024414062,0,138.262730916341
96.6823017108328,78.2402482009961,115.968090481228,104.161034889592,110.016134224291,75.3459721345168,114.400564492467,0,106.262190680147,34.3743833036728,94.4236603949777,52.3054655186542,162.403331980986,273.22375349565,113.676193443505,57.3895815213521,0,0,113.702217102051,141.853709629604,116.351854596819,99.9775466918945,115.151763622577,72.9752438285134,0,57.7263740090763,154.141395078887,0,0,65.9167770385742,125.200729370117,63.7666816711426,0,70.7774514781291,0,0,0,0,0,78.0346079004873,163.988143920898,70.3191184997559,0,0,0,0,158.571258544922,92.8726063218228,0,95.0051109790802,0,0,0,107.846590677897,0,108.080371856689,0,0,0,0,121.62280030684,80.8807643010066,119.190745843423,78.3277893588968,0,96.6834732186641,0,111.050453186035,0,0,0,0,0,0,0,0,0,278.21689860026,0,0,0,0,0,0,0,0,0,154.986061096191,0,0,0,0,0,0,0,0,0,0,0,0,0,0,0,0,292.158264160156,0,0,173.754948933919,0,0,0,0,0,0,0,0,0,0,0,0,0,124.120407104492,0,0,0,102.015241449529,0,124.983367919922,0,0,172.844505310059,157.742539978027,0,0,0,0,0,133.815704345703,0,0,0,0,0,0,0,0,224.008270263672,133.135317687988,169.536725011365,106.021881248247,0,0,308.549201965332,141.298723063749,0,103.919997720157,0,0,0,158.230346679688,283.725006103516,147.888253981067,0,0,0,0,0,0,0,131.90033976237,0,0,0,0,0,219.952031453451,95.3393233449836,53.6949423391254,150.561852591378,60.6150449514389,0,176.446139526367,0,39.819253196401,0,89.6092971801758,0,147.367611935264,0,0,0,0,0,0,0,169.163223266602,0,0,0,144.677185058594,0,0,0,0,0,0,0,121.388931274414,0,139.141246795654,0,92.4192101614816,0,0,132.197876541703,89.8937418115048,0,93.9491326468331,0,70.973581116775,114.633021354675,68.4198912646319,271.410949707031,120.545244990168,0,108.896064758301,120.905023390247,44.5597824734025,119.270776294527,78.0652097774919,132.51692199707,86.62496484375,124.300395965576,74.5321848932902,134.388656616211,85.005051612854,0,0,0,97.5169533742985,120.493982315063,99.459351675851,0,0,131.353736877441,76.7401751792594,131.663381688735,114.23955323961,0,0,0,0,0,0,0,0,0,0,0,0,0,155.419738769531,150.572680155436,0,141.948949477252,0,0,140.119010925293,133.221154139592,0,131.31634487576,179.895858764648,0,135.036231994629
34.0651252174377,115.968090481228,51.2750588466019,118.773999140813,75.2178629974821,115.867560280694,121.008673858643,0,239.368713378906,0,0,109.125564690792,0,124.652603149414,52.0895190579152,111.391237168085,101.559919675191,0,75.4654866984305,0,78.8129196166992,0,39.1336689870543,111.436034831595,35.3490774501115,109.427083795721,90.1727080009353,0,61.7699805594779,0,71.9889221191406,0,70.1160739921254,116.065165987882,114.514287206862,0,101.506666728428,116.324352264404,71.5836450629411,121.98236656189,0,0,92.0795135498047,0,0,0,0,0,0,0,103.904103984003,0,137.605339050293,0,138.275611877441,0,139.194018046061,0,0,0,76.0156983123428,123.373240250808,71.3740808628404,0,0,0,0,0,0,0,144.591814676921,245.623184204102,172.792434692383,0,200.555603027344,0,0,0,0,0,0,219.865829467773,170.166664123535,0,0,0,0,0,0,0,158.963470458984,0,0,0,0,0,158.990322536892,0,0,0,0,0,200.738067225406,0,0,0,157.726970248752,0,0,0,0,0,0,0,97.0532638549805,0,0,0,0,0,0,0,0,0,199.684677124023,0,125.090117954072,0,0,0,0,0,0,0,126.806308144017,0,139.751501083374,0,0,0,200.292297363281,0,145.446282958984,0,147.924630737305,0,115.69978729248,0,0,0,105.658719601838,0,162.271507263184,0,158.808138447423,0,139.407564798991,0,145.437919616699,0,161.381034851074,203.349548339844,91.9153800010681,0,0,0,70.1610041873556,0,77.4851793455846,0,80.0133209228516,0,70.3364941022972,0,0,0,54.475537109375,0,38.4931793212891,87.7459603768808,135.678234301115,0,0,80.7799657185872,0,0,0,0,0,0,0,0,210.928680419922,0,0,0,196.712448120117,0,132.395980834961,0,143.549715423584,0,213.379950968424,0,213.145530700684,0,253.079162597656,0,0,0,0,0,0,0,87.1298916066876,0,0,0,92.7148242113067,0,65.9735992146048,111.388655385663,105.32003566197,164.491508483887,82.0289985315124,0,51.552590495732,102.681716791789,68.5275357734156,122.965314229329,0,129.446909586589,71.2919497422769,126.617951965332,85.2959121704102,144.564758300781,0,0,76.586282143226,164.238371628981,92.3121120976467,138.307518005371,77.7529838562012,0,80.9848709969065,137.917611518273,109.751873259849,158.306086222331,0,0,0,0,0,0,0,0,0,0,0,148.790430704753,0,149.086873372396,143.522827148438,0,147.589157104492,139.087044852121,0,140.307999383836,139.739819208781,0,134.748644965036,129.175740559896,0,134.12015024821
111.06997886326,104.161034889592,118.773999140813,56.4793170892967,117.673982620239,46.2734667003484,141.053939819336,49.9966247287499,190.633128773082,0,106.434965867263,231.867004394531,0,0,0,38.7642425152747,0,0,0,67.8987277669644,0,78.5001865186189,102.565484664019,48.3081136532684,117.22143052264,40.9527181018352,0,88.5138710869683,0,61.5794451032366,0,64.4163330078125,0,66.0651193539302,0,77.8196182250977,0,72.5296258926392,117.629525361238,72.1161839725407,0,0,0,0,0,0,0,0,0,0,0,0,0,0,0,75.3023735046387,0,143.083325508313,0,0,126.4469871521,94.5292194073017,110.800337049696,0,0,0,0,0,0,107.67322700902,0,0,0,0,0,0,0,276.502278645833,0,0,0,0,0,106.76545715332,0,0,0,161.137405395508,0,0,0,168.185455723813,0,0,0,0,0,0,0,0,0,0,0,0,0,0,207.267242431641,175.838215298123,0,0,0,0,0,0,0,0,0,0,0,0,0,153.601516723633,0,0,0,125.331207275391,200.989288330078,125.264633178711,0,0,0,160.432887268066,0,0,0,129.176420211792,0,125.852704366048,0,0,0,128.75799208421,0,0,0,0,0,0,0,0,199.52382405599,0,314.622029622396,0,0,134.966733296712,0,0,0,164.616592407227,283.186177571615,157.350783846272,0,83.7606358528137,0,78.0597754584418,0,126.534004211426,115.093276977539,85.4410576112809,0,73.5455147879464,118.423113822937,89.4694061279297,0,0,0,51.7288522720337,0,64.6040878295898,0,0,0,0,0,0,0,0,0,0,0,0,0,0,0,0,0,0,0,0,0,0,0,0,0,0,0,0,0,127.934846878052,0,0,0,0,135.353496551514,0,0,0,0,0,108.166734967913,68.8012559363183,0,94.8863660026999,0,83.2713829040527,98.5907306671143,54.5604118152901,0,81.0856031462204,125.160352071126,0,120.072254783229,88.7375501549762,0,0,0,0,120.882373428345,117.154117584229,128.629141587477,252.307678222656,0,0,129.477326869965,98.1578162057059,127.164110819499,122.357905668371,0,0,0,0,0,0,0,0,0,0,0,0,0,152.94938659668,0,144.822476422345,150.458320617676,0,0,0,144.547271728516,0,135.708694458008,0,0,0
40.0869700253665,110.016134224291,75.2178629974821,117.673982620239,36.8602506729295,116.700300433153,183.327825927734,0,53.1796922683716,97.7430624961853,41.9302618503571,114.381646453693,38.2570252285653,122.41134466776,65.285761457501,108.054988437229,0,0,41.4028186286802,114.45119251669,0,110.333738407167,0,0,246.051574707031,0,62.4380927002221,129.356318602691,61.990704536438,0,65.4460754394531,111.640744628906,63.9834887544874,114.85933565454,63.093365351359,112.869881458772,253.233123779297,113.773837534587,74.7281770452347,119.552136012486,45.0025031433105,139.327377319336,0,115.055866075599,94.760383605957,132.275199890137,91.1400834083557,140.369559852444,0,0,271.661895751953,117.514080047607,144.804910833185,0,138.647028605143,0,0,0,135.2119140625,0,71.7189633599643,0,0,0,0,195.24845123291,0,0,0,0,149.831158955892,0,0,0,163.14813319615,0,0,0,0,0,0,219.198163168771,0,0,0,0,152.769943237305,219.274678230286,0,0,0,0,0,0,0,0,0,0,0,0,0,0,204.846272786458,0,198.050539289202,0,0,0,0,0,0,0,0,0,122.502831092248,0,0,0,113.781921386719,0,0,0,0,0,0,0,0,0,0,0,0,201.453430175781,0,0,172.719398498535,0,0,0,0,0,150.004653930664,0,169.138276796083,0,155.534205118815,0,143.923400878906,0,117.941235351562,189.143631336301,178.054840087891,0,180.86770163642,221.049247741699,159.83780670166,0,135.753728230794,0,0,0,174.71858128139,198.993713378906,0,0,0,0,0,0,78.8506560787078,0,0,0,72.8096069335938,0,163.041889735631,0,73.1963643819484,67.908470546498,60.878926860476,86.0819668240017,191.088021850586,0,112.104044400729,90.3065434506065,159.445360143134,176.47825012207,76.2370050197694,87.4477005004883,0,0,0,0,0,0,0,0,0,0,0,0,0,0,205.912407875061,0,240.914733886719,0,0,0,176.605144500732,0,0,0,0,0,93.9381298489041,0,0,0,67.8762628408579,76.065456301667,69.6055999245342,107.963846559878,85.1750640869141,165.283569335938,88.2088521899599,108.392816543579,62.0824411750859,106.24401566789,70.1773903404126,121.289763268004,91.4788106282552,132.934171676636,74.6166385153066,132.06162381413,99.3057412719726,149.51210530599,73.2018772472035,142.113159179688,95.4939602938565,155.797567873585,101.857988492407,144.021716594696,111.842106745793,0,87.9161916380404,141.458322573931,118.239840916225,169.834828694661,0,0,217.826705932617,0,0,0,0,0,0,0,0,157.786087036133,0,0,153.29221979777,0,154.116372725543,154.233627319336,0,153.360025024414,153.285409109933,0,153.931724911644,136.538260142008,0,0
114.41084723744,75.3459721345168,115.867560280694,46.2734667003484,116.700300433153,38.9141656117267,0,153.352635065715,190.519729614258,165.323089599609,115.967967830292,83.810327425395,115.49511870439,45.5555766100728,103.137987230645,43.1044702321681,0,0,120.70093746843,33.7341220310756,105.790782928467,63.0575676670781,101.407707314742,0,0,0,150.967422564824,40.9081553951386,108.663593292236,0,0,0,0,63.4439847734239,0,68.9611310323079,0,69.43430319065,118.424137115479,72.3761596679688,144.610361899099,59.4708127975464,0,0,0,93.2114283243815,156.149635205429,53.2545081089283,0,0,0,80.7358808846309,0,0,186.764450073242,126.544504266036,0,138.603158838609,0,180.209190368652,0,119.191400527954,0,0,0,114.705820901053,0,0,0,108.48915608724,0,0,0,0,0,0,0,265.66845703125,0,0,0,167.876739501953,0,0,0,0,0,163.904038862749,0,248.267883300781,0,0,0,102.378959655762,0,0,0,0,0,0,0,0,0,0,0,0,0,0,0,181.199244181315,0,0,0,0,0,0,0,0,0,0,0,134.357416788737,0,0,0,0,0,0,0,0,0,152.710740407308,0,0,0,166.348678588867,0,0,0,0,0,0,0,0,0,0,0,140.100570678711,0,120.339661453709,0,140.630689832899,260.866027832031,135.017836745904,0,155.203567504883,0,0,0,0,0,156.427491621538,0,0,0,76.5102729797363,0,0,0,79.6496290123981,0,0,113.812889099121,89.2816543579102,0,126.681339581807,65.4435383932931,53.0748966972609,81.0415246751573,46.8059597015381,0,135.597026109695,0,52.2219619750977,0,84.8611931097312,0,71.5537357330322,0,181.34130452474,0,0,0,181.149688720703,0,0,0,130.682510375977,0,0,0,0,0,187.581161499023,0,0,0,183.178853352865,0,0,0,0,0,127.343876308865,0,97.4483724855909,0,138.358221615062,0,61.1045078550066,121.404251098633,66.3108461937018,0,117.995803246131,167.266194661458,67.3720115212833,108.439544366331,53.7654683808357,112.693704877581,76.983594949963,132.559019029755,87.8135612796497,0,87.0660939992093,145.263484319051,103.274190266927,0,99.8947669581363,146.767601013184,102.45933175087,149.789059448242,101.421677398682,145.419809424359,0,137.100025689424,90.1412505723944,134.778639984131,120.016973421171,0,0,0,0,158.400726318359,0,0,0,0,0,0,0,0,156.481262207031,0,146.00227355957,151.699966430664,0,0,146.045425415039,140.359237670898,0,152.476904666785,0,0,138.083660125732
55.8840808868408,114.400564492467,121.008673858643,141.053939819336,183.327825927734,0,43.8262049687373,117.178251685166,33.3820631154378,105.151131000925,0,0,0,0,0,0,43.4254251925004,0,171.768249511719,0,0,0,112.358705673218,0,36.5929302280232,112.515424410502,0,0,0,0,0,0,96.7871131896973,119.754601478577,106.609920501709,0,103.591267267863,0,85.5186106830562,118.671903991699,0,0,110.753043212891,0,0,0,0,0,0,0,117.368221483733,0,65.173091008113,141.415283203125,38.4409011425246,129.861799875895,47.6759374192731,0,46.0616912841797,0,79.0486684782736,127.930676628562,58.218775375299,0,0,0,0,0,0,0,0,0,0,0,0,0,0,0,0,0,148.965958913167,0,0,0,0,0,0,0,0,0,153.888893127441,0,195.183115641276,0,163.840868631999,0,154.001663208008,0,148.94889831543,0,162.368058638139,0,171.629844323913,0,0,0,152.620671452703,0,0,0,0,0,0,0,0,0,0,0,0,0,0,0,0,0,0,0,112.378554946708,0,0,0,77.0305652718269,206.538247139223,101.673593694513,0,117.253274192669,0,113.128553691663,204.475036621094,0,0,0,0,106.464470015632,0,0,0,116.145783106486,0,77.8431345621745,0,132.520920592469,0,0,0,0,0,0,0,0,0,162.398025512695,0,0,0,0,0,0,0,72.0334270477295,0,0,0,67.8223149757686,0,0,0,0,0,0,0,0,0,0,0,0,0,0,0,0,0,0,0,0,0,0,0,0,0,0,218.683822631836,143.781746497521,0,216.588516235352,0,0,0,0,229.815236409505,122.935105959574,0,0,0,0,0,88.3954674460671,0,0,0,0,138.348342895508,68.3664458429389,113.689821777344,112.536883036296,0,109.397277832031,141.921356201172,44.2367644858571,86.4041786193848,86.4879482638451,107.137639088674,0,0,71.7508482283655,118.169995880127,85.9131426130022,142.50237601144,0,126.879573059082,70.3566479153103,133.502930908203,93.6069138625572,0,0,0,80.7157206453409,115.836135482788,103.920792319558,0,0,0,0,0,0,0,0,0,155.980453491211,0,0,0,0,0,140.78010559082,0,0,0,0,146.243398717932,129.897472381592,0,133.328463236491,0,0,134.486785888672
96.7795257568359,0,0,49.9966247287499,0,153.352635065715,117.178251685166,52.0933011162038,115.140414237976,34.6527501323006,0,0,0,0,0,111.510257105674,0,0,0,136.980626424154,0,0,0,84.4164691501194,118.734146534313,45.7804647943047,0,0,0,0,0,0,0,78.2199048642759,0,0,0,0,0,78.4429091190694,0,0,0,0,340.514221191406,0,0,0,0,0,0,0,146.500238418579,63.7121315002441,134.341626485189,39.9581401408404,133.683127183181,40.0593717323159,123.610804805049,164.376472473145,129.491262817383,76.9017933668699,116.884603500366,77.6193043144864,127.740055084229,65.1244618415833,0,34.0839490272381,0,0,0,0,0,0,0,0,0,0,0,0,0,0,0,0,0,139.148880004883,0,193.972503662109,0,0,0,168.649252976043,0,0,0,0,0,0,0,0,0,166.134548339844,0,186.726889870384,0,158.936645507812,0,173.44345697367,0,0,0,0,0,0,0,0,0,0,0,0,0,0,0,0,0,97.6697450835129,0,121.717691040039,0,0,171.62951965332,70.3495262145996,0,0,0,113.264914851618,0,109.282263070701,0,0,0,117.376396179199,0,0,0,134.133148193359,0,110.184138224675,175.775094168527,92.2296469903761,0,110.107639752902,0,122.253893534342,0,0,0,83.0741483028804,0,0,166.038497924805,61.4575625491807,0,85.203005472819,0,0,0,0,280.447418212891,0,0,72.0579165081645,0,0,0,0,0,0,0,0,0,0,0,0,0,64.4645614624023,0,0,0,0,0,0,0,0,0,155.551277880399,0,0,0,121.792193757386,0,131.397749159071,0,0,0,231.795104980469,0,133.843330383301,0,124.459413486978,0,84.6323928833008,0,0,137.902496337891,90.7077501085069,0,90.5085964202881,0,79.6753158569336,113.767124522816,66.1452384120908,264.103515625,100.797878265381,0,93.0585982711227,0,48.6770954787276,121.98853302002,71.6455007771977,0,0,0,79.4223831936688,0,85.1726120864789,0,0,0,88.9977111816406,0,0,0,0,138.178558349609,77.1713593881341,120.975662231445,115.467000195104,0,0,0,0,0,0,0,0,0,0,0,0,0,147.281070709229,149.015602111816,139.280953979492,136.547522804954,142.210922241211,0,0,133.66727031361,0,132.607609488747,0,0,0
34.3291135737917,106.262190680147,239.368713378906,190.633128773082,53.1796922683716,190.519729614258,33.3820631154378,115.140414237976,38.7712706567557,95.8687784626256,35.5508516485041,0,0,0,0,0,0,0,0,189.83670501709,0,0,0,0,0,114.061329254737,0,0,0,0,0,0,0,0,0,0,0,0,0,127.624061372545,0,0,0,0,0,0,0,0,0,0,0,0,79.0508060455322,0,56.0030403137207,116.480379113017,42.3326003334739,0,47.0870702607291,0,84.028310019589,123.372159843771,0,122.80923292372,44.0956931409868,0,58.1434377547233,98.8301149305406,0,0,0,0,0,0,0,0,0,0,0,0,0,0,0,0,0,0,0,0,0,0,0,0,0,0,0,0,0,0,0,0,0,0,0,0,0,0,168.450637817383,0,0,0,0,0,0,0,0,0,0,0,0,0,0,0,0,0,0,0,101.232232666016,0,0,0,74.8858127100327,196.390202522278,0,0,125.226228713989,0,0,0,0,0,0,0,0,0,0,0,104.46451971266,0,82.6951919878767,166.316437095724,103.27897205572,0,0,0,0,0,0,0,0,0,70.3259353004926,207.201034545898,0,0,0,0,0,0,73.8140335083008,0,0,0,72.0959145682199,0,33.6535427270934,0,34.5370919573088,45.0690338566618,0,0,98.8873386383057,0,31.598280078075,120.574363390605,42.5240139236344,0,0,0,0,0,0,0,0,0,0,0,0,0,0,0,0,0,0,0,0,0,0,0,0,0,0,0,0,0,89.3355773476993,0,0,0,0,135.729187011719,72.7295578949211,111.620079345703,0,0,0,137.711042404175,43.9132760365804,104.888546269114,80.1213307100184,107.979975432352,0,126.277409871419,72.3396047415193,115.280177746312,92.2098846435547,137.874973297119,0,129.143918878892,95.583722894842,129.056774280689,90.8430938720703,0,0,0,76.4503038227558,111.676715523856,154.707830810547,157.952985127767,0,0,0,0,0,0,0,0,0,0,0,0,0,0,0,0,186.668014526367,0,0,0,184.301254272461,0,162.122884114583,0,0,0
81.6251528917161,34.3743833036728,0,0,97.7430624961853,165.323089599609,105.151131000925,34.6527501323006,95.8687784626256,61.3126843723424,0,63.2501510620117,160.469792416221,0,0,0,0,0,0,178.248285929362,0,0,0,0,0,0,157.782994588216,0,0,0,0,0,0,0,0,0,0,0,0,0,0,75.349006652832,0,0,324.481155395508,0,0,0,0,0,0,0,148.659625053406,0,149.81351852417,37.7535632169699,124.970710289188,31.8822344160572,124.290843867776,49.9687849564986,134.859960248393,246.144226074219,0,0,127.469831148783,59.0891421042293,112.801759352639,34.9783937966147,0,0,0,0,0,0,0,0,0,0,0,0,0,0,290.943374633789,0,0,0,0,0,0,0,0,158.800911643288,0,0,0,0,0,0,0,0,0,157.429016113281,0,0,0,0,0,164.921646118164,0,0,0,0,0,0,0,0,0,0,0,0,0,0,0,0,0,93.035285344733,0,0,0,0,159.533690388997,74.6018572975607,0,0,0,115.783365249634,0,111.778439839681,0,0,0,0,0,0,0,0,0,91.5702578226725,0,79.6502188042029,0,101.473421732585,210.905197143555,88.3548855251736,0,0,0,84.8227098905123,155.795750935872,0,136.91132321565,48.787584689419,0,0,0,0,0,0,119.788691711426,0,0,0,120.077430725098,0,0,0,48.5988564014435,32.9557906081267,0,34.866319770813,0,0,0,33.7922641270196,0,43.8466228170132,0,52.5349769592285,0,0,0,0,0,0,0,151.732844034831,0,0,0,124.946975906174,0,133.445313887163,0,0,0,0,0,116.144945944509,0,113.629168143639,0,0,0,0,208.566385339808,91.5338363647461,0,0,0,0,140.06068611145,77.9394891412409,264.609893798828,0,124.720420837402,112.223829650879,93.7656602679559,37.8306580606795,122.129158528646,73.1510304042271,0,0,110.867722546613,73.3252238507541,119.347660064697,97.6760377883911,0,0,112.533950805664,90.019134868275,267.092544555664,0,0,0,120.770086606344,77.2257302228142,120.162776947021,111.211370703292,0,0,0,0,0,0,0,0,0,0,0,0,0,0,0,0,0,0,0,0,135.148646763393,0,132.132232666016,0,0,0
41.2534247762789,94.4236603949777,0,106.434965867263,41.9302618503571,115.967967830292,0,0,35.5508516485041,0,44.2267792565482,107.931541327855,37.8625428913445,126.240782843696,64.2121276855469,100.906192779541,0,0,60.9339411145165,115.58511021932,0,0,0,0,0,0,71.213897506912,0,0,0,0,0,0,0,0,0,0,136.046981811523,65.0562623676501,0,42.0210689262108,0,0,0,0,0,0,0,0,0,0,0,0,0,0,0,0,0,0,0,0,0,0,0,73.554323832194,0,0,0,0,0,0,0,0,0,0,0,0,0,0,0,0,0,0,0,0,0,0,0,0,0,0,0,0,0,0,0,0,0,0,0,0,0,0,0,0,0,0,0,0,0,0,0,0,0,0,0,0,0,0,0,0,199.812057495117,0,0,0,0,0,0,0,0,0,0,0,0,0,0,0,0,0,0,0,0,0,0,0,0,113.641787442294,0,97.0072191026476,0,109.89494601163,0,128.338895821512,0,0,0,0,0,0,0,169.209548950195,0,0,0,0,0,0,0,0,0,0,0,0,0,0,0,45.6866628891477,50.4774986448742,39.4346107873391,79.2040710449219,127.139124903728,0,38.8639194935635,76.7719185369478,126.412178039551,0,64.5556919535653,0,0,0,0,0,0,0,0,0,0,0,0,0,0,0,0,0,0,0,0,0,0,0,0,0,0,0,0,0,0,0,63.5702116723154,134.406967163086,75.7778015136719,123.022874014718,0,0,114.6073290507,0,47.6919003177956,101.700946595934,0,116.248815264021,0,135.100316447596,0,124.548822441357,95.0257530212402,134.418515523275,70.7310474940709,162.80793762207,0,137.590313720703,0,154.328837803432,0,0,90.1140327453613,129.041631798995,116.426559448242,159.799171447754,0,0,0,0,0,0,0,0,0,0,0,0,0,0,0,0,0,141.490859985352,0,181.336822509766,0,0,167.452418645223,141.562545776367,0,0
127.642468396355,52.3054655186542,109.125564690792,231.867004394531,114.381646453693,83.810327425395,0,0,0,63.2501510620117,107.931541327855,62.9867901180101,115.266356343808,38.2185070096529,94.0904941013881,0,0,0,140.061965942383,0,0,0,99.2850189208984,0,0,0,147.275791422526,0,0,0,0,0,0,0,0,0,0,71.6710368069735,0,0,127.333208135656,49.1989261524866,0,0,0,87.1409477820763,139.751035912092,75.0373013423039,0,82.8644274075826,0,0,0,0,0,0,0,0,0,0,0,0,0,0,0,84.4528170498935,0,85.0307217552548,0,139.075274380771,0,0,0,0,0,0,0,0,0,0,0,167.110254923503,0,140.29963684082,0,0,0,164.742293039958,0,0,0,0,0,0,0,0,0,0,0,0,0,0,0,0,0,0,0,0,0,174.801774458452,0,0,0,0,0,0,0,0,0,0,0,133.304092407227,0,0,0,0,0,0,0,0,0,106.01608022054,0,0,0,0,0,0,0,0,0,0,0,0,0,0,0,126.141143798828,0,110.041664123535,0,131.440903663635,0,130.788639890058,0,0,0,0,0,0,0,0,0,0,0,0,0,0,0,0,0,0,0,0,0,0,63.1314972410811,46.187008672794,0,33.9739674235309,0,140.720628073049,0,64.3297812579429,0,63.6526279796254,84.3053922017415,51.2771383043746,0,0,0,0,0,0,0,0,0,0,0,0,0,0,0,0,0,0,0,0,0,0,0,0,0,125.879528045654,147.249290466309,128.392202377319,0,139.13872253418,0,55.8942839728461,111.824119969418,65.6289477798174,0,101.568823950631,0,0,130.850553240095,40.6628407759544,109.411903381348,81.2976713469534,129.60425976784,80.7596263885498,112.947601318359,85.7638820726044,138.62909337094,93.0647354125977,0,0,141.936879475911,148.925821940104,146.240239230069,0,0,0,125.256787708827,93.0879643758138,162.98681640625,118.9267578125,0,0,0,0,0,0,0,0,0,0,0,0,0,0,188.565628051758,0,146.715026855469,0,0,0,0,0,0,0,0,0
38.283561706543,162.403331980986,0,0,38.2570252285653,115.49511870439,0,0,0,160.469792416221,37.8625428913445,115.266356343808,46.9995524304061,110.66929302497,0,0,0,0,50.9343299865723,118.098032901162,0,102.486696287643,0,0,0,0,45.4909093903332,116.053696998675,0,0,0,0,0,0,0,110.606346130371,0,112.315228053502,0,0,40.3355865478516,121.85938835144,0,0,0,0,39.7031677012541,128.098555335292,0,0,0,0,0,0,0,0,0,0,0,0,0,0,0,0,121.209563573201,0,0,0,0,0,0,0,0,0,0,0,0,0,0,0,0,210.935773213704,125.812789916992,0,0,0,0,210.057119196112,0,0,0,0,0,0,0,0,0,0,0,0,0,0,0,0,200.781921386719,0,0,0,0,0,0,0,0,0,0,0,0,0,0,0,0,184.250332302517,0,0,0,0,0,0,0,0,0,0,0,0,168.530715942383,193.644500732422,0,0,0,0,0,0,0,0,0,0,0,0,103.370124499003,0,0,0,133.29274801429,0,0,0,0,0,0,0,0,0,0,0,0,0,0,0,90.7364177703857,0,0,0,0,0,135.207550048828,0,39.1351673444112,53.7720045550116,43.6936408013336,0,148.816247253418,0,40.7973549803909,0,109.677819171194,0,48.7208808563851,101.540168762207,0,223.848617553711,0,0,0,0,0,0,0,0,0,0,0,201.082153320312,185.015724182129,241.790725708008,0,0,0,0,0,0,0,0,0,0,0,0,0,0,46.3060259233441,86.4710764480849,70.285514831543,106.325770423526,0,141.403907775879,66.0263473510742,121.240125656128,56.0413126473898,89.5357084274292,72.0022787366595,102.062324523926,96.5221840994699,135.515753004286,0,139.865188598633,0,0,48.4313545227051,146.815505981445,0,168.175646972656,115.13648047814,160.461864624023,0,0,92.0785661585191,131.986940383911,0,159.685577392578,0,0,0,0,0,0,0,0,0,0,0,0,0,0,0,0,0,0,0,0,138.966451009115,0,140.982048034668,0,0,0
156.496368408203,273.22375349565,124.652603149414,0,122.41134466776,45.5555766100728,0,0,0,0,126.240782843696,38.2185070096529,110.66929302497,36.3680352861919,0,0,0,0,101.912426757812,0,0,61.1695711771647,0,0,0,0,110.368582013287,0,0,0,0,0,0,0,0,59.9187858581543,0,0,0,0,115.073515631936,37.4371805924636,0,0,0,66.631721496582,115.48128864377,42.1848155430385,87.8302459716797,60.1216278076172,0,0,0,0,0,0,0,0,0,0,0,0,0,0,0,0,0,105.054606628418,0,0,0,0,0,0,0,0,0,0,0,0,0,0,0,0,0,0,0,0,0,0,0,0,0,221.078277587891,0,0,0,0,0,0,0,0,0,0,0,0,0,0,0,0,0,0,0,0,0,0,0,0,0,0,0,0,0,0,0,0,0,0,0,0,0,0,0,0,0,187.982086181641,0,0,0,0,0,0,0,0,0,0,0,0,0,0,0,137.841567993164,244.022860358743,138.434194075756,0,158.144668579102,0,0,0,0,0,0,0,0,0,0,0,0,154.5520362854,0,0,0,0,0,230.51545715332,129.506293160575,56.0684432983398,42.5938437555877,98.0729111891526,41.2774220837487,0,132.762098670006,0,62.9853372573853,0,0,87.3052661376592,35.4176705269945,0,183.736236572266,0,162.568017578125,0,193.724472045898,0,0,0,0,0,0,0,0,0,0,0,0,0,0,0,0,0,0,0,0,0,0,0,0,114.963325500488,52.2320334752401,0,136.229629516602,0,80.6936569213867,117.858361925398,62.102749448834,116.819711957659,41.4188875754674,139.035717010498,98.758974287245,154.110885620117,93.7735761006673,0,89.2849670410156,0,111.553550720215,132.56233215332,101.79913075765,0,0,173.434366861979,108.588668823242,0,0,158.428552627563,88.1089261372884,0,0,0,0,0,0,0,0,0,0,0,0,0,0,0,0,0,0,0,0,0,0,197.469608306885,0,0,0,0,0
36.9222183227539,113.676193443505,52.0895190579152,0,65.285761457501,103.137987230645,0,0,0,0,64.2121276855469,94.0904941013881,0,0,38.4019166839134,110.906269073486,59.2447512490409,0,36.5585780599261,106.316550717333,41.6591839121609,100.740902470607,40.1233030997102,0,120.854005940755,0,72.3519047631158,0,0,0,49.7496385680699,0,55.0369562166874,108.986144650367,56.8821890567527,111.251068115234,55.0370074680873,107.214161722284,64.0503584668527,111.114703444184,0,0,0,0,0,0,0,0,0,0,66.2590205622654,0,0,0,0,0,0,0,0,0,0,0,0,0,0,194.157516479492,0,0,0,0,0,0,0,0,184.18212890625,0,128.209455566406,0,119.850887298584,0,0,202.250356038411,0,0,0,0,0,0,0,0,0,0,0,0,222.914245605469,0,0,0,0,0,0,0,0,0,199.222045898438,0,0,0,0,0,0,0,0,0,0,0,0,0,0,0,0,0,0,0,0,0,0,0,0,0,0,0,0,0,166.847655296326,0,0,0,0,0,136.545532226562,0,159.469004313151,0,0,0,0,0,0,173.007522583008,0,0,0,0,0,0,111.452438354492,0,0,0,0,189.393844604492,0,0,0,0,70.1924896240234,0,81.7741884231567,0,0,0,69.6077452266917,0,0,0,46.4286682128906,0,46.8269094296587,0,0,0,0,0,0,0,0,0,0,0,0,0,0,0,0,0,0,0,0,0,0,0,190.822646004813,0,0,0,179.761674063546,0,168.610961914062,0,0,0,0,0,98.4023284912109,0,0,0,72.092043884799,123.54052734375,66.6005381941795,0,0,0,67.7623974504142,0,40.3715657227645,81.7767974853516,59.0564818997537,0,0,0,73.4912872314453,0,86.9584134419759,0,86.8970286051432,0,76.5373191833496,213.460060119629,74.5559501647949,0,72.7247216653504,0,89.3442064921061,0,0,0,0,0,0,0,0,0,0,0,0,0,0,0,0,0,142.892837524414,0,165.83198038737,0,0,154.020584106445,149.96280670166,0,0,0,0,0
99.6529362996419,57.3895815213521,111.391237168085,38.7642425152747,108.054988437229,43.1044702321681,0,111.510257105674,0,0,100.906192779541,0,0,0,110.906269073486,35.0564721772837,0,59.5115887324015,0,40.7516493388585,102.456850723482,44.0990795936449,100.345670553354,38.0236129149275,0,48.3338363390027,0,76.0041007995605,102.243776957194,55.7894350687663,0,52.466566324234,107.662269592285,56.4120925218747,0,63.7037948862712,0,57.6936173014121,105.391365842999,68.2213773482885,0,0,0,0,0,0,0,66.8417076181482,0,0,137.006408691406,0,0,0,0,86.4015798568726,0,89.75572681427,0,0,0,115.062551879883,118.517906188965,64.1412485562838,0,0,0,0,0,230.461975097656,0,0,0,0,0,190.925491333008,0,0,0,0,0,0,0,202.123708089193,0,140.478860037667,233.807220458984,155.085700511932,0,0,0,165.516574957432,0,189.381193372938,0,204.164764404297,0,141.408789498465,0,0,0,156.121093205043,0,0,0,0,0,177.214386478547,0,0,0,0,0,0,0,0,0,0,0,0,0,138.048893737793,0,0,0,0,0,0,0,0,192.751373291016,146.489709472656,0,0,0,124.881051483154,0,0,0,124.650119781494,174.532989501953,0,0,125.587921142578,0,125.866134643555,0,0,0,0,0,0,0,0,0,141.739562988281,0,0,0,0,0,144.561161586217,0,0,0,0,0,0,0,81.6489178793771,0,0,0,0,0,0,0,0,0,47.7963754442003,0,0,0,0,0,0,0,0,0,0,0,0,0,0,0,0,0,0,0,0,0,142.540051778158,0,266.297943115234,0,0,0,0,0,0,0,0,0,0,0,0,0,0,0,0,0,60.7307929992676,0,0,163.961227416992,70.9851514376127,84.913610458374,41.8703688521827,0,72.3504989079067,0,64.7931957244873,129.949996948242,75.3612413759585,0,92.1447906494141,0,83.1322479248047,0,83.6978855133057,127.085762023926,75.9831053870065,0,77.7632904052734,132.511190795898,76.9507090504964,0,0,0,0,0,0,0,0,0,0,0,0,0,0,0,0,0,0,144.039772033691,0,0,0,140.799819946289,0,134.856033325195,0,0,0
67.9752708103346,0,101.559919675191,0,0,0,43.4254251925004,0,0,0,0,0,0,0,59.2447512490409,0,40.2047561772322,0,67.3299312591553,0,48.889725558834,0,40.8140215967461,0,49.57910235559,0,91.0134782057542,0,39.2295798824014,0,70.896497584101,0,31.9927433558873,0,83.0608554416233,0,0,0,90.8770132064819,0,0,0,0,0,0,0,0,0,0,0,121.733888489859,0,53.4620221455892,0,38.0136926470012,0,0,0,70.7822068532308,0,59.9456187656948,0,50.1178593894121,0,0,0,0,0,207.704383850098,0,0,0,0,0,0,0,0,0,0,0,126.281486087375,0,185.965400695801,0,126.870187846097,0,153.578832525956,0,143.016435437086,0,133.089549022116,0,187.99692438299,0,145.968874613444,0,130.2385631188,0,130.12031449212,0,164.611920674642,0,172.141887479615,0,0,0,132.3305643924,0,0,0,0,0,0,0,0,0,0,0,186.061004638672,0,0,0,0,0,0,0,0,0,0,0,0,0,0,0,172.615139643351,0,102.211457953734,0,0,0,95.0823871294657,0,118.985719456392,0,0,0,0,0,0,0,0,0,0,0,75.253489918179,0,0,0,66.9815821647644,0,81.5393753051758,0,0,0,0,0,0,0,0,0,0,0,56.9543452543371,0,0,0,0,0,0,0,0,0,0,0,0,0,0,0,0,0,0,0,0,0,0,0,0,0,0,0,142.913513183594,0,0,0,0,0,259.57958984375,0,0,0,0,0,0,0,0,0,0,0,0,0,0,0,0,0,0,0,41.6780791488348,0,61.2850374112463,0,0,0,72.5981645584106,0,76.1368713378906,174.912685394287,0,0,69.3020350138346,170.09407043457,55.6671306610107,0,62.8964128494263,192.545946756999,68.3726872762044,176.50181434268,0,0,0,0,0,0,0,0,0,0,0,0,0,0,0,0,0,0,0,0,0,0,0,0,0,0,0,0
0,0,0,0,0,0,0,0,0,0,0,0,0,0,0,59.5115887324015,0,37.5198340628034,0,68.0259979248047,0,59.6070695825525,0,50.7005904081693,0,55.3938184579213,0,0,0,41.6348266369901,0,0,0,58.9321826934814,0,0,0,0,0,50.9218915856403,0,0,0,0,0,0,0,0,0,0,0,0,0,45.9513279185576,0,0,0,0,0,0,0,78.5917250534584,0,36.385614713033,0,0,0,0,0,0,0,0,0,0,0,0,0,0,0,0,0,0,0,0,0,112.374245791512,0,0,0,0,0,133.696615974858,0,0,0,0,0,123.651487986247,0,0,0,139.637652748509,0,217.594497680664,0,0,0,177.929351806641,0,0,0,0,0,0,0,0,0,0,0,0,0,0,0,0,0,0,0,0,0,0,0,0,0,0,0,98.3642864227295,0,94.4556778371334,0,0,0,101.752537136986,0,97.8294088629228,0,0,0,0,0,0,0,0,0,0,0,0,0,0,0,0,0,0,0,0,0,0,0,0,0,0,0,0,0,0,0,0,0,0,0,0,0,0,0,0,0,0,0,0,0,0,0,0,0,0,0,0,0,0,0,0,0,122.922941702384,0,0,0,0,0,0,0,0,0,0,0,0,0,0,0,0,0,0,0,61.5327071538047,0,0,0,0,0,33.4583194414775,0,0,0,0,0,0,0,0,0,0,0,0,0,0,0,0,0,125.078191757202,0,0,0,0,0,0,0,0,0,0,0,0,0,0,0,0,0,0,0,0,0,0,0,0,0,0,0,0
72.2353646289343,113.702217102051,75.4654866984305,0,41.4028186286802,120.70093746843,171.768249511719,0,0,0,60.9339411145165,140.061965942383,50.9343299865723,101.912426757812,36.5585780599261,0,67.3299312591553,0,41.395799783908,112.652807617188,39.8001861684518,101.77481842041,56.3395011935172,0,99.2985031185079,0,36.4222148866364,104.707566285745,0,0,130.32300391564,0,201.185943379122,0,109.023664130105,112.652918338776,88.754544298188,0,64.2403170267741,0,0,0,120.857504399618,0,76.7336438860212,0,79.8918075561523,129.353041063275,79.4252696790193,0,56.2214825913002,0,0,0,0,0,0,0,0,0,0,0,0,0,0,0,0,0,324.802307128906,0,0,0,0,0,169.004435947963,0,121.185463645241,0,147.026132583618,0,129.678454505073,0,135.908958948576,0,0,0,126.268888542451,0,0,0,0,0,140.939694213867,0,313.895050048828,0,0,0,0,0,142.044842311314,0,193.642993382045,0,189.963786249575,0,180.361873626709,0,0,0,0,0,0,0,0,0,0,0,0,0,0,0,0,0,201.873321533203,0,163.707523345947,0,0,0,0,0,0,0,174.019282749721,0,145.638046264648,0,0,0,173.681031363351,0,179.385970306396,0,0,0,160.774215698242,245.803787231445,0,0,232.38722038269,245.247222900391,0,0,0,0,0,0,0,0,173.111222116571,0,0,0,57.8603454150742,0,69.894088878188,0,79.9506251017253,0,0,0,63.1209576346657,0,0,0,66.7102479201097,0,53.0048442416721,0,0,0,0,110.579559326172,0,0,0,0,0,0,0,0,0,0,214.986541748047,0,0,0,196.623044967651,0,175.100017547607,0,187.561607544365,0,197.460282424401,0,193.590695381165,0,179.104183197021,0,0,0,0,0,261.311767578125,0,224.565216064453,0,50.9201889238859,73.2158215840658,74.6655921696117,0,113.61186577292,0,60.1268567511376,0,65.9092509721098,73.065415088947,76.7696068657769,0,88.3056532541911,198.247047424316,0,0,97.0539487641433,0,68.1005798339844,0,103.433080037435,221.411332130432,87.6092422485352,0,77.0788387906724,0,89.4036461781647,240.820517800071,117.629656473796,0,0,0,0,0,0,0,0,0,0,0,0,151.652018229167,0,0,149.773910522461,0,150.853273391724,0,0,0,136.113743591309,0,139.961846487863,0,0,0
135.157897949219,141.853709629604,0,67.8987277669644,114.45119251669,33.7341220310756,0,136.980626424154,189.83670501709,178.248285929362,115.58511021932,0,118.098032901162,0,106.316550717333,40.7516493388585,0,68.0259979248047,112.652807617188,45.1643014339231,0,48.1790282344051,0,55.8675756454468,0,98.4536323547363,148.005114964076,44.6784579536341,0,86.0287628173828,0,0,0,68.5467629205613,0,63.372665870353,115.559439086914,64.5176511492048,115.79734311785,80.0238466764751,0,0,0,63.3342466915355,0,290.193572998047,156.060729980469,55.5387455103349,0,0,0,66.2365437051524,0,0,0,0,0,0,0,0,0,0,0,82.6876008533296,0,0,0,0,0,0,0,0,0,0,0,213.426071166992,0,0,0,198.32489994594,0,0,0,214.297866821289,0,164.807971585181,0,180.351930618286,0,224.918045043945,0,192.762323379517,0,210.913497180474,0,216.400375366211,0,179.577743530273,0,165.401758829753,0,169.855570111956,0,220.732574462891,0,0,0,200.505516745827,0,0,0,0,0,0,0,0,0,0,0,220.650665283203,0,161.754712104797,0,0,0,0,231.003402709961,0,0,0,0,148.285232543945,0,0,0,0,0,135.685546875,0,0,0,137.007110595703,0,143.222735685461,0,127.25989151001,0,0,0,0,0,0,0,147.429504394531,0,138.550811767578,0,0,0,0,0,157.611152648926,0,0,0,0,0,70.5300102233887,0,82.6046787336761,0,0,144.814163208008,0,0,0,0,0,0,54.662172794342,0,146.154739379883,0,0,0,0,0,50.917045048305,0,186.476619720459,0,198.446496146066,0,188.049697875977,0,0,0,0,0,0,0,167.588613095491,0,187.725436718433,0,190.137680053711,0,171.418426513672,0,186.020965576172,0,0,0,254.850677490234,250.896942138672,98.0095672607422,0,127.804908752441,0,50.7097094233443,125.549711227417,61.3759304342918,0,88.749284362793,0,62.4594952983241,114.606364222935,58.8527754279459,0,75.4336818623508,129.8832862854,80.3985488891602,129.547821044922,86.4394318202756,145.943110148112,99.0521814097529,0,121.139167785645,0,89.5228240534944,149.346880814125,80.6588784790039,141.617560492622,76.6117342780618,136.851799546627,81.9150392715245,120.661053377039,118.936598777771,0,0,0,0,0,0,0,0,0,0,0,0,0,0,0,0,143.113204956055,0,0,141.692092895508,138.250944519043,0,178.477743784587,0,0,0
85.3550567626953,116.351854596819,78.8129196166992,0,0,105.790782928467,0,0,0,0,0,0,0,0,41.6591839121609,102.456850723482,48.889725558834,0,39.8001861684518,0,36.0163696321513,0,35.0935439188855,0,51.5411357879639,0,53.9761591500736,0,34.1216587511081,0,39.2516341302909,0,32.7723257962395,0,44.2171092033386,0,56.3637159744112,112.894054957799,60.0670811148251,111.633770751953,0,0,32.1376071343055,0,0,0,0,0,0,0,36.8574316035556,0,0,0,0,0,0,0,0,0,0,0,62.3354561870317,0,0,0,0,0,205.564315795898,0,0,0,0,0,132.248069763184,0,0,0,0,0,142.251454671224,0,177.565765380859,0,0,0,145.990563286675,0,165.379680238921,0,0,0,192.965179443359,0,184.558520507812,0,0,0,167.207382202148,0,173.203105926514,0,200.117243766785,0,0,0,162.097414456881,0,0,0,0,0,0,0,0,0,0,0,0,0,139.309982299805,0,0,0,0,0,0,0,0,0,0,0,0,0,0,0,0,0,0,0,100.384712219238,0,182.701026916504,0,0,0,0,0,0,0,0,0,0,0,0,0,0,0,0,0,163.558510674371,0,0,0,0,0,0,0,87.8664949205187,0,0,0,0,0,0,0,0,0,0,0,0,0,0,0,0,0,0,0,0,0,0,0,0,0,0,0,0,0,0,0,0,0,0,0,0,0,0,0,164.597381591797,0,0,0,0,0,81.198600769043,0,0,0,49.0391864776611,0,60.007756453294,0,77.9962005615234,0,74.1693780081613,0,38.4417596772774,69.3388900756836,73.124021356756,119.436965942383,74.5184844970703,0,73.6867141723633,0,85.557230758667,0,66.2433896064758,0,78.2212824635691,158.570307413737,89.6474719728742,0,80.6667443133415,0,83.5171602000361,0,115.633148193359,0,0,0,0,0,0,0,0,0,0,0,0,0,0,0,0,0,0,0,0,0,0,0,125.709624657264,0,0,0
0,99.9775466918945,0,78.5001865186189,110.333738407167,63.0575676670781,0,0,0,0,0,0,102.486696287643,61.1695711771647,100.740902470607,44.0990795936449,0,59.6070695825525,101.77481842041,48.1790282344051,0,35.7201958250257,0,41.4913614655145,0,97.3479537963867,0,45.0917748205676,0,53.9219827270508,0,34.0272855018565,0,61.630732285349,0,35.2068187777201,0,55.7302800008695,0,90.1184380572775,0,0,0,31.1624678945154,0,0,0,0,0,0,0,32.9106947375882,0,0,0,0,0,0,0,0,0,99.5593699405068,0,71.8645250438589,0,145.421183268229,0,0,0,0,0,0,0,0,0,187.604843139648,0,115.854985555013,0,161.112150925856,0,161.022974881259,0,111.808967590332,0,156.949206833012,0,175.483765531177,0,205.826783752441,0,162.105808419241,0,210.126491918319,0,189.008098602295,0,157.16978680646,0,151.538375351455,0,168.977804465372,0,218.800649097988,0,0,0,183.968510020863,0,0,0,0,0,0,0,0,0,0,0,0,0,147.09409347235,0,141.721302032471,0,0,0,0,0,0,0,145.412581307547,0,0,0,0,0,179.175486246745,0,138.530830383301,0,134.680610507142,0,134.799439902618,0,0,0,0,0,147.384709676107,0,0,0,0,0,140.999603271484,0,0,0,0,0,0,0,0,0,0,0,0,0,79.82908982497,0,0,0,0,0,0,0,0,0,0,0,132.545295715332,0,0,0,0,0,50.9783194405692,0,174.59099222819,0,0,0,183.79959218095,0,163.405143432617,0,0,0,0,0,158.531218308669,0,182.124392341165,0,179.588175455729,0,195.507481892904,0,0,0,0,0,0,0,0,0,0,0,44.8148415088654,0,53.3395533752441,0,65.5878206888835,0,50.8825153448643,95.5079078674316,44.236029739921,0,87.9421198405917,155.169784545898,90.5991874694824,0,90.2220726013184,0,0,0,92.3665815080915,0,83.7555611578973,144.795871734619,85.9562813895089,0,76.5025616207638,145.981140136719,79.1403715577844,0,118.191429138184,0,0,0,0,0,0,0,0,0,0,0,0,0,0,0,0,0,0,0,0,0,0,0,0,0,0
