624,1268,200,230,91,123,8,1,343,452,123,34,1,2,9,9,23,0,87,1,1,0,0,30,0,21,0,0,34,22,0,0,0,82,0,0,0,0,102,246,0,0,2,0,0,0,0,0,0,0,0,0,0,0,0,0,0,0,0,0,159,9,0,0,249,0,19,3,0,0,0,0,0,0,0,0,0,0,0,0,0,0,0,0,0,0,0,0,0,0,0,0,0,0,0,0,0,0,0,0,0,0,1,0,0,0,2,0,0,0,0,0,0,0,3,0,0,0,0,0,0,0,0,0,26,10,6,0,0,0,73,0,0,0,48,0,5,0,0,0,0,0,0,0,0,0,181,0,825,0,190,0,400,1,0,0,0,0,0,0,51,5,0,0,0,0,0,0,5,3,0,0,25,0,31,0,819,81,12,23,24,0,463,295,94,0,0,0,0,0,0,0,0,0,0,0,0,0,0,0,10,0,0,0,0,0,0,0,34,0,0,0,0,0,14,0,4,0,5,1,100,72,1,0,17,0,446,7,43,15,48,0,50,196,7,5,0,0,118,1,167,0,0,0,450,79,4,1,0,0,0,0,2,0,0,3,0,0,0,0,0,4,0,0,5,0,0,0,4,0,8,3,0,3
1268,209,18,103,757,104,166,0,454,438,327,616,51,11,37,48,0,0,2,28,14,1,26,44,0,17,109,0,0,40,1,2,0,283,0,0,0,0,0,505,1,4,0,0,0,0,2,43,0,32,0,0,0,15,0,2,0,0,0,0,66,234,148,146,0,233,0,1,0,0,0,0,0,0,0,0,0,3,0,0,0,0,0,0,0,0,0,4,0,0,0,0,0,0,0,0,0,0,0,0,0,0,0,0,1,0,0,3,0,0,0,0,0,0,0,0,0,0,0,0,0,1,0,0,0,11,0,1,0,0,8,10,0,0,0,0,0,1,0,0,0,0,0,0,0,0,1,25,58,369,0,0,8,170,0,68,0,0,0,1,1,31,0,0,0,0,0,0,0,6,0,0,0,0,0,3,57,409,7,48,0,5,0,121,0,5,0,19,0,0,0,0,0,0,0,1,0,0,0,1,0,0,0,0,0,0,0,1,0,4,0,7,0,0,27,131,0,14,0,29,8,370,1,37,0,66,93,1221,42,628,1,125,10,600,2,64,0,0,0,142,12,7,0,0,22,365,17,54,0,0,0,0,0,0,0,0,0,0,0,0,0,1,6,0,17,0,0,10,52,0,45,1,0,2
200,18,818,52,67,72,10,0,1,0,0,66,0,3,1710,21,12,0,477,0,12,0,3487,47,1024,22,71,0,37,0,4,0,169,55,72,0,28,4,1051,12,0,0,61,0,0,0,0,0,0,0,46,0,4,0,2,0,6,0,0,0,609,26,391,0,0,0,0,0,0,0,6,1,3,0,1,0,0,0,0,0,0,1,2,0,0,0,0,0,0,0,1,0,0,0,0,0,9,0,0,0,0,0,38,0,0,0,18,0,0,0,0,0,0,0,5,0,0,0,0,0,0,0,0,0,10,0,84,0,0,0,0,0,0,0,57,0,4,0,0,0,1,0,5,0,5,0,25,0,0,0,23,0,2,0,62,0,6,0,4,0,54,1,16,0,0,0,71,0,103,0,1,0,633,0,0,0,15,0,1,27,19,0,0,6,0,0,0,0,0,0,0,0,1,0,0,0,1,0,1,0,20,0,15,0,4,0,1,0,0,0,0,0,0,0,131,0,0,0,41,0,561,31,7,12,67,0,357,120,524,3,0,6,284,15,15,1,0,0,52,39,51,6,10,0,398,130,47,6,0,0,0,0,0,0,0,0,0,0,0,3,0,3,3,0,13,7,0,21,48,0,28,3,0,6
230,103,52,212,8,181,3,197,11,0,13,4,0,0,0,1846,0,0,0,109,0,19,34,670,41,663,0,36,0,105,0,5,0,480,0,1,0,4,27,131,0,0,0,0,0,0,0,0,0,0,0,0,0,0,0,25,0,39,0,0,4,13,9,0,0,0,0,0,0,19,0,0,0,0,0,0,0,3,0,0,0,0,0,1,0,0,0,1,0,0,0,38,0,0,0,0,0,0,0,0,0,0,0,0,0,0,2,36,0,0,0,0,0,0,0,0,0,0,0,0,0,1,0,0,0,2,1,5,0,0,0,10,0,0,0,24,0,12,0,0,0,26,0,0,0,0,0,0,0,0,3,0,3,0,0,6,0,0,0,1,3,67,0,16,0,9,0,1,1,155,0,7,8,1,0,0,0,4,0,1,0,0,0,0,0,0,0,0,0,0,0,0,0,0,0,0,0,0,0,0,0,0,0,0,0,0,0,0,0,4,0,0,0,0,4,0,0,0,0,0,7,188,0,17,0,20,8,864,0,430,3,0,19,23,0,0,0,0,20,12,26,1,0,0,16,21,3,17,0,0,0,0,0,0,0,0,0,0,0,0,0,3,0,27,16,0,0,0,4,0,2,0,0,0
91,757,67,8,811,1304,5,0,4,16,8,372,646,246,66,54,0,0,858,703,0,238,0,0,1,0,114,148,4,0,1,25,71,261,6,39,2,120,263,7,125,17,0,23,1,2,80,196,0,0,1,10,11,0,3,0,0,0,1,0,29,0,0,0,0,2,0,0,0,0,12,0,0,0,35,0,0,0,0,0,0,28,0,0,0,0,3,16,0,0,0,0,0,0,0,0,0,0,0,0,0,0,3,0,7,0,0,0,0,0,0,0,0,0,13,0,0,0,1,0,0,0,0,0,0,0,0,0,0,0,0,7,0,0,18,0,0,0,0,0,24,0,37,0,3,0,1,0,50,43,1,0,144,2,6,0,3,0,0,0,35,4,0,0,0,0,0,0,62,0,0,0,30,0,7,0,458,136,206,9,15,0,13,76,94,5,205,3,0,0,0,0,0,0,0,0,0,0,0,0,0,0,16,0,3,0,0,0,4,0,0,0,0,0,9,0,0,0,195,43,538,27,1,6,132,4,468,185,627,47,60,36,23,198,25,3,11,1,66,49,198,16,13,0,341,117,35,6,0,0,1,0,0,0,0,0,0,0,0,1,0,0,12,0,68,1,0,5,7,0,21,12,0,0
123,104,72,181,1304,332,0,12,3,2,365,73,679,581,61,229,0,0,29,70,2,54,76,0,0,0,384,248,2,0,0,0,0,54,0,30,0,41,2,1,248,4,0,0,0,3,209,464,0,0,0,29,0,0,1,19,0,34,0,2,0,4,0,0,0,14,0,0,0,3,0,0,0,0,0,0,0,1,0,0,0,3,0,0,0,0,0,11,0,1,0,0,0,1,0,0,0,0,0,0,0,0,0,0,0,0,0,0,0,21,0,0,0,0,0,0,0,0,0,0,0,9,0,0,0,0,0,0,0,0,0,12,0,0,0,1,0,0,0,0,0,0,0,0,0,0,0,1,0,66,0,9,3,147,0,1,0,0,0,0,0,22,0,0,0,2,0,0,0,92,0,0,1,1,0,24,14,207,72,2,0,64,0,5,0,122,0,4,0,30,0,0,0,1,0,0,0,3,0,0,0,0,0,5,0,0,0,3,0,0,0,0,0,9,0,51,0,17,0,56,5,452,0,26,6,85,98,775,14,412,97,173,0,289,24,3,0,19,6,224,105,20,23,0,67,201,10,77,0,0,0,0,1,0,0,0,0,0,0,0,0,1,0,10,19,0,0,3,10,0,66,0,0,8
8,166,10,3,5,0,77,41,75,141,0,0,0,0,0,0,433,0,1,0,0,0,50,0,59,48,0,0,0,0,0,0,8,8,2,0,12,0,109,10,0,0,25,0,0,0,0,0,0,0,19,0,117,1,1689,6,327,0,5,0,1043,187,908,0,0,0,0,0,0,0,0,0,0,0,0,0,0,0,0,0,12,0,0,0,0,0,0,0,0,0,6,0,3,0,6,0,2,0,1,0,11,0,67,0,0,0,37,0,0,0,0,0,0,0,0,0,0,0,0,0,0,0,0,0,0,0,239,0,0,0,191,62,22,0,271,0,266,1,0,0,0,0,72,0,0,0,12,0,3,0,77,0,0,0,0,0,0,0,0,0,1,0,0,0,0,0,0,0,20,0,0,0,254,0,0,0,0,0,0,0,0,0,0,0,0,0,0,0,0,0,0,0,0,0,0,0,0,0,0,1,13,0,1,0,0,0,0,3,24,0,0,0,0,0,165,0,0,0,0,1,506,25,3,0,2,1,452,4,62,111,0,0,257,10,35,7,0,10,27,25,29,0,0,0,291,20,11,0,0,0,0,0,0,0,0,0,1,0,0,0,0,0,1,0,0,0,0,74,2,0,18,0,0,1
1,0,0,197,0,12,41,392,48,1320,0,0,0,0,0,31,0,0,0,3,0,0,0,9,55,2067,0,0,0,0,0,0,0,27,0,0,0,0,0,439,0,0,0,0,1,0,0,0,0,0,0,0,8,1,12,870,13,318,108,2,5,329,8,323,24,80,0,432,0,0,0,0,0,0,0,0,0,0,0,0,0,0,0,0,0,1,0,1,0,0,0,79,0,0,0,0,0,0,0,0,0,25,0,11,0,4,0,53,0,0,0,0,0,0,0,0,0,0,0,0,0,0,0,0,0,29,0,20,0,0,5,545,0,0,0,422,0,419,0,0,0,1,0,0,0,1,0,52,7,62,0,52,0,6,0,0,0,107,0,0,1,502,0,9,0,0,0,0,1,0,0,43,0,0,0,0,0,0,0,0,0,0,0,0,0,1,0,0,0,0,0,0,0,0,0,53,0,0,0,119,0,9,0,0,0,1,0,99,0,184,0,1,0,0,2,135,0,4,0,13,11,1023,1,2,0,27,0,524,2,366,0,0,0,1014,0,193,0,0,0,3,0,0,0,0,2,79,1,117,0,0,0,0,0,0,0,0,0,0,0,0,0,4,2,5,11,1,0,0,44,0,22,0,0,0
343,454,1,11,4,3,75,48,561,1990,77,0,0,0,0,0,0,0,0,10,0,0,0,0,0,104,0,0,0,0,0,0,0,0,0,0,0,0,0,36,0,0,0,0,0,0,0,0,0,0,0,0,16,0,6,227,11,0,56,0,169,234,0,45,887,0,372,364,0,0,0,0,0,0,0,0,0,0,0,0,0,0,0,0,0,0,0,0,0,0,0,0,0,0,0,0,0,0,0,0,0,0,0,0,0,0,1,0,0,0,0,0,0,0,0,0,0,0,0,0,0,0,0,0,0,0,110,0,0,0,425,32,0,0,16,0,0,0,0,0,0,0,0,0,0,0,72,0,732,93,87,0,0,0,0,0,0,0,0,0,211,21,0,0,0,0,0,0,4,0,0,0,7,0,215,0,599,106,0,0,2,0,366,72,717,0,0,0,0,0,0,0,0,0,0,0,0,0,0,0,0,0,0,0,0,0,0,0,0,0,0,0,0,0,34,0,0,0,0,1,129,150,0,0,0,4,39,41,17,153,0,3,194,271,2,2,0,34,11,27,2,0,0,0,256,280,15,6,0,0,0,0,0,0,0,0,0,0,0,0,0,0,0,0,1,0,0,0,1,0,3,0,0,0
452,438,0,0,16,2,141,1320,1990,271,0,5,19,0,0,0,0,0,0,3,0,0,0,0,0,0,15,0,0,0,0,0,0,0,0,0,0,0,0,0,0,2,0,0,2,0,0,0,0,0,0,0,32,0,8,158,82,97,597,55,31,1,0,0,48,1328,535,1427,0,0,0,0,0,0,0,0,0,0,0,0,0,0,8,0,0,0,0,0,0,0,0,11,0,0,0,0,0,0,0,0,0,1,0,0,0,0,0,6,0,0,0,0,0,0,0,0,0,0,0,0,0,0,0,0,0,227,0,0,0,0,135,136,0,0,0,44,0,3,0,0,0,0,0,0,0,0,0,102,0,335,0,36,1,9,0,0,0,13,3,0,46,486,0,0,0,0,0,0,5,0,0,0,1,0,0,0,40,809,0,50,0,0,0,134,0,654,0,1,0,0,0,0,0,0,0,6,0,0,0,77,0,33,0,0,0,0,0,31,0,52,0,0,0,0,27,27,0,0,0,0,8,111,5,0,1,15,53,844,15,7,0,0,108,212,2,8,0,0,1,22,2,0,0,0,24,34,4,73,0,0,0,0,0,0,0,0,0,0,0,0,0,0,0,0,0,0,0,0,28,0,1,0,0,0
123,327,0,13,8,365,0,0,77,0,168,199,302,198,1,24,0,0,84,30,0,0,0,0,0,0,77,0,0,0,0,0,0,0,0,0,0,1,19,0,81,0,0,0,0,0,0,0,0,0,0,0,0,0,0,0,0,0,0,0,0,0,0,0,3,0,0,0,0,0,0,0,0,0,0,0,0,0,0,0,0,0,0,0,0,0,0,0,0,0,0,0,0,0,0,0,0,0,0,0,0,0,0,0,0,0,0,0,0,0,0,0,0,0,0,0,0,0,0,0,0,1,0,0,0,0,0,0,0,0,0,0,0,0,0,0,0,0,0,0,0,0,0,0,0,0,11,0,18,0,11,0,401,0,0,0,0,0,0,0,1,0,0,0,0,0,0,0,0,0,0,0,0,0,0,0,1037,252,762,1,485,0,401,139,87,0,61,0,0,0,0,0,0,0,0,0,0,0,0,0,0,0,0,0,0,0,0,0,0,0,0,0,0,0,0,0,0,0,51,2,1,14,0,0,6,0,621,36,0,21,0,62,0,149,2,12,21,1,0,30,0,7,0,0,18,38,1,20,0,0,0,0,0,0,0,0,0,0,0,0,0,0,0,0,0,1,0,1,0,0,24,1,0,0
34,616,66,4,372,73,0,0,0,5,199,115,92,325,210,0,0,0,11,0,0,0,1,0,0,0,120,0,0,0,0,0,0,0,0,0,0,22,0,0,74,671,0,0,0,13,86,65,0,48,0,0,0,0,0,0,0,0,0,0,0,0,0,0,0,22,0,21,0,11,0,0,0,0,0,0,0,0,0,0,0,3,0,2,0,0,0,24,0,0,0,0,0,0,0,0,0,0,0,0,0,0,0,0,0,0,0,0,0,11,0,0,0,0,0,0,0,0,0,0,0,4,0,0,0,0,0,0,0,0,0,3,0,0,0,0,0,0,0,0,0,0,0,0,0,0,0,1,0,15,0,8,0,339,0,0,0,0,0,0,0,0,0,0,0,0,0,0,0,0,0,0,0,0,0,0,47,1052,0,934,0,129,0,73,0,110,30,355,0,0,0,0,0,0,0,0,0,0,0,0,0,0,0,0,0,0,0,0,0,0,0,0,0,10,2,4,0,25,0,45,19,53,0,28,0,0,7,312,1,33,248,4,1,49,19,2,0,0,3,6,22,0,0,0,28,81,2,1,0,0,0,0,0,0,0,0,0,0,0,0,0,0,3,0,3,0,0,0,0,0,0,0,0,0
1,51,0,0,646,679,0,0,0,19,302,92,354,1559,0,0,0,0,4,190,0,43,0,0,0,0,41,289,0,0,0,0,0,0,0,5,0,21,0,0,177,4,0,0,0,0,49,432,0,0,0,0,0,0,0,0,0,0,0,0,0,0,0,0,12,0,0,0,0,0,0,0,0,0,0,0,0,0,0,0,0,6,1,0,0,0,0,11,0,0,0,0,0,0,0,0,0,0,0,0,0,0,0,0,1,0,0,0,0,0,0,0,0,0,0,0,0,0,0,0,0,18,0,0,0,0,0,0,0,0,0,0,0,0,1,1,0,0,0,0,0,0,0,0,0,0,0,0,24,0,0,0,251,0,0,0,0,0,0,0,0,0,0,0,0,0,0,0,4,0,0,0,0,0,1,0,660,58,516,0,25,0,196,0,236,0,296,5,0,1,0,0,0,0,0,0,0,0,0,0,0,1,8,1,0,0,0,0,0,0,0,0,0,0,0,0,0,0,57,118,1,21,0,2,20,4,182,72,14,4,7,9,0,7,0,0,2,1,0,5,13,25,0,0,17,12,0,1,0,0,0,0,0,0,0,0,0,0,0,0,0,0,0,0,0,0,0,0,3,0,2,0,0,0
2,11,3,0,246,581,0,0,0,0,198,325,1559,126,0,0,0,0,10,0,0,15,0,0,0,0,316,0,0,0,0,0,0,0,0,5,0,0,0,0,88,182,0,0,0,2,43,420,1,13,0,0,0,0,0,0,0,0,0,0,0,0,0,0,0,0,0,10,0,0,0,0,0,0,0,0,0,0,0,0,0,0,0,0,0,0,0,0,0,0,0,0,0,1,0,0,0,0,0,0,0,0,0,0,0,0,0,0,0,0,0,0,0,0,0,0,0,0,0,0,0,0,0,0,0,0,0,0,0,0,0,0,0,0,0,1,0,0,0,0,0,0,0,0,0,0,0,0,0,0,0,5,17,156,0,3,0,0,0,0,0,0,0,0,0,0,0,0,4,0,0,0,0,0,1,14,3,1136,13,72,0,256,0,12,0,0,169,1012,0,2,0,5,0,3,0,0,0,0,0,0,0,0,0,0,0,0,0,0,0,0,0,0,0,0,0,0,0,0,1,120,0,1,0,10,28,132,7,240,8,18,5,12,0,25,0,1,3,3,0,0,3,1,0,0,16,6,0,0,0,0,0,0,0,0,0,0,0,0,0,0,0,0,0,0,0,0,0,0,4,0,0,0,0,0
9,37,1710,0,66,61,0,0,0,0,1,210,0,0,1049,2,14,0,1141,233,656,51,453,0,15,0,18,0,0,0,269,0,428,124,257,3,119,114,306,61,0,0,0,0,0,0,0,0,0,0,51,0,0,0,0,0,0,0,0,0,0,0,0,0,0,1,0,0,0,0,0,0,0,0,1,0,25,0,4,0,0,3,0,0,0,0,0,0,0,0,0,0,0,0,1,0,0,0,0,0,0,0,0,0,1,0,0,0,0,0,0,0,0,0,0,0,0,0,0,0,0,0,0,0,0,0,0,0,0,0,0,0,0,0,16,0,0,0,0,0,14,0,3,0,0,0,0,0,0,4,0,0,0,0,0,0,1,0,0,0,0,2,0,0,0,0,1,0,200,0,0,0,17,0,0,0,5,0,246,0,0,0,0,0,0,0,0,0,0,0,0,0,0,0,0,0,0,0,0,0,0,0,56,0,0,0,14,0,1,0,0,0,0,0,1,0,0,0,117,1,64,0,0,0,145,0,874,5,248,0,0,0,8,0,12,0,6,0,2,2,10,0,149,0,24,0,0,0,0,0,0,0,0,0,0,0,0,0,0,0,0,0,1,0,3,0,0,1,2,0,0,0,0,0
9,48,21,1846,54,229,0,31,0,0,24,0,0,0,2,860,0,24,0,1820,71,843,104,1778,0,326,0,6,12,24,0,96,1,847,0,150,0,202,106,156,0,0,0,0,0,0,0,108,0,0,1,0,0,0,0,8,0,16,0,0,0,5,1,13,0,0,0,0,0,1,0,0,0,0,0,1,0,0,0,0,0,0,0,3,0,7,2,32,0,0,0,156,0,9,0,1,0,14,0,0,0,28,0,0,0,0,0,62,0,0,0,0,0,0,0,0,0,0,0,0,0,5,0,0,0,0,0,0,0,0,1,5,0,0,0,50,0,0,0,4,1,0,0,1,0,1,0,0,0,0,0,0,0,0,0,8,0,0,0,0,0,7,0,0,0,0,0,0,0,140,0,0,0,0,0,0,0,0,0,90,0,0,0,0,0,0,0,0,0,0,0,0,0,0,0,0,0,0,0,0,0,6,0,1,0,0,0,0,0,0,0,0,0,0,0,0,0,0,0,0,0,15,0,0,1,13,4,507,0,140,0,2,1,27,0,1,0,1,0,126,2,28,0,4,5,150,0,0,0,0,0,0,0,0,0,0,0,0,0,0,0,0,0,0,2,0,0,0,2,0,1,0,0,0
23,0,12,0,0,0,433,0,0,0,0,0,0,0,14,0,1113,0,4,0,219,0,763,0,582,0,13,0,1017,0,67,0,7,0,9,0,0,0,8,0,0,0,0,0,0,0,0,0,0,0,28,0,15,0,137,0,0,0,18,0,7,0,793,0,0,0,0,0,2,0,0,0,0,0,0,0,0,0,0,0,18,0,2,0,88,0,19,0,164,0,157,0,55,0,6,0,419,0,36,0,36,0,206,0,0,0,197,0,0,0,0,0,0,0,0,0,0,0,1,0,0,0,0,0,0,0,0,0,0,0,0,0,0,0,12,0,272,0,0,0,48,0,68,0,0,0,0,0,0,0,0,0,0,0,72,0,0,0,16,0,29,0,0,0,0,0,0,0,0,0,0,0,17,0,0,0,0,0,0,0,0,0,0,0,0,0,0,0,0,0,0,0,0,0,0,0,0,0,0,0,1,0,0,0,0,0,1,0,0,0,0,0,0,0,0,0,0,0,0,0,0,0,0,0,0,0,255,0,157,0,0,0,8,0,2,4,0,0,3,78,10,0,4,6,60,21,0,0,0,0,0,0,0,0,0,0,0,0,0,0,0,0,0,0,0,0,0,0,0,0,0,0,0,0
0,0,0,0,0,0,0,0,0,0,0,0,0,0,0,24,0,1394,0,5,0,37,0,1077,0,96,0,0,0,1482,0,0,0,10,0,0,0,0,0,391,0,0,0,0,0,0,0,0,0,0,0,0,0,85,0,0,0,0,0,0,0,87,0,930,0,0,0,0,0,0,0,0,0,0,0,0,0,0,0,0,0,0,0,0,0,187,0,0,0,0,0,53,0,0,0,0,0,24,0,0,0,19,0,2,0,0,0,2,0,0,0,0,0,0,0,0,0,0,0,0,0,0,0,0,0,0,0,0,0,0,0,0,0,0,0,4,0,256,0,0,0,42,0,316,0,0,0,0,0,0,0,0,0,0,0,0,0,0,0,0,0,0,0,0,0,0,0,0,0,0,0,0,0,0,0,0,0,0,0,0,0,0,0,0,0,0,0,0,0,0,0,0,0,0,0,0,0,0,0,0,0,27,0,0,0,0,0,0,0,0,0,0,0,0,0,0,0,0,0,0,0,63,0,0,0,0,0,60,0,0,0,0,0,0,0,0,0,0,0,0,0,0,0,0,0,8,0,0,0,0,0,0,0,0,0,0,0,0,0,0,0,0,0,0,0,0,0,0,0,0,0,0,0,0
87,2,477,0,858,29,1,0,0,0,84,11,4,10,1141,0,4,0,843,30,2039,3,916,0,267,0,1320,39,0,0,13,0,17,0,144,16,119,0,3,0,0,0,30,0,35,0,1,114,19,0,725,0,0,0,0,0,0,0,0,0,0,0,0,0,0,0,0,0,1,0,0,0,0,0,21,0,33,0,12,0,18,0,104,0,0,0,83,0,0,0,0,0,5,0,1,0,0,0,0,0,7,0,14,0,69,0,8,0,0,0,0,0,0,0,0,0,0,0,0,0,0,0,0,0,1,0,4,0,0,0,0,0,0,0,14,0,17,0,0,0,14,0,40,0,0,0,1,3,0,0,16,2,0,0,0,0,0,0,0,0,19,0,0,0,139,0,86,0,102,0,0,0,22,0,0,0,39,0,9,0,0,0,0,8,0,0,0,0,0,0,0,0,0,0,7,0,0,0,8,0,4,0,291,0,29,0,16,0,4,0,0,0,0,0,1,0,2,0,95,6,159,0,17,0,235,0,281,104,135,0,36,2,0,0,29,0,5,0,3,16,75,0,69,0,177,11,6,0,0,0,0,0,0,0,0,0,0,0,0,3,0,0,3,0,8,0,0,0,10,0,7,0,0,0
1,28,0,109,703,70,0,3,10,3,30,0,190,0,233,1820,0,5,30,1325,0,1865,0,44,0,6,14,2192,0,2,0,0,0,84,0,365,15,7,14,19,0,0,0,85,0,1,1,392,0,0,0,115,0,0,0,0,0,0,0,0,0,0,0,210,0,0,0,0,0,0,0,0,0,0,0,1,0,0,0,14,0,0,0,1,0,31,0,16,0,2,0,8,0,41,0,2,0,15,0,9,0,14,0,2,0,0,0,11,0,0,0,0,0,0,0,0,0,0,0,1,0,16,0,0,0,0,1,0,0,0,0,1,0,0,0,0,0,1,0,0,0,1,0,34,0,8,0,0,0,0,0,0,0,4,0,1,0,0,0,0,0,2,0,0,0,0,0,4,0,102,0,0,1,0,0,0,0,0,0,16,0,9,0,0,0,0,0,7,0,28,0,7,0,8,0,0,0,0,0,0,0,23,0,77,0,1,0,3,0,1,0,0,0,1,1,29,0,4,0,164,4,206,0,35,0,217,35,628,0,693,10,30,7,106,6,23,0,1,0,106,58,25,9,34,57,146,17,8,0,0,0,0,0,0,0,0,0,0,0,0,0,0,0,0,1,0,0,1,10,0,12,0,0,0
1,14,12,0,0,2,0,0,0,0,0,0,0,0,656,71,219,0,2039,0,1058,0,1134,0,4,0,439,0,103,0,408,0,136,0,8,0,101,7,34,5,0,0,26,0,0,0,0,0,0,0,885,0,0,0,0,0,0,0,0,0,0,0,251,0,0,0,0,0,2,0,0,0,0,0,2,0,0,0,0,0,12,0,1,0,0,0,9,0,29,0,0,0,4,0,10,0,0,0,3,0,8,0,16,0,0,0,26,0,0,0,0,0,0,0,0,0,0,0,0,0,1,0,0,0,0,0,0,0,0,0,0,0,0,0,0,0,0,0,0,0,1,0,2,0,0,0,0,0,0,0,0,0,0,0,0,0,0,0,0,0,9,0,0,0,0,0,0,0,9,0,0,0,0,0,0,0,0,0,0,0,0,0,0,0,0,0,0,0,0,0,0,0,0,0,0,0,0,0,0,0,0,0,0,0,0,0,0,0,1,0,0,0,0,0,1,0,0,0,8,0,39,0,2,0,14,0,776,1,66,1,15,0,34,0,20,0,24,0,77,3,196,0,94,0,115,0,1,0,0,0,0,0,0,0,0,0,0,0,0,0,0,0,0,0,0,0,0,0,0,0,13,0,0,0
0,1,0,19,238,54,0,0,0,0,0,0,43,15,51,843,0,37,3,1865,0,1637,0,1263,0,1,0,334,0,50,0,451,0,114,0,300,0,73,0,46,0,0,0,123,0,0,0,0,0,0,0,124,0,0,0,0,0,0,0,0,0,19,0,113,0,6,0,0,0,0,0,0,0,0,0,1,0,6,0,13,0,44,0,2,0,242,0,121,0,10,0,142,0,195,0,6,0,162,0,91,0,183,0,56,0,0,0,11,0,0,0,0,0,0,0,0,0,0,0,0,0,51,0,4,0,0,0,0,0,0,0,14,0,0,0,0,0,3,0,2,0,51,0,214,0,0,0,0,0,3,0,0,0,0,0,1,0,0,0,0,0,0,0,0,0,0,0,0,0,13,0,0,0,0,0,0,0,0,0,0,0,2,0,0,0,0,0,28,0,15,0,0,0,82,0,25,0,0,0,0,0,13,0,17,0,3,0,3,0,0,0,0,0,0,0,0,0,0,0,16,0,25,0,24,0,39,2,282,0,63,1,10,0,2,0,0,0,7,0,91,4,21,0,37,1,73,0,2,0,0,0,0,0,0,0,0,0,0,0,0,0,0,0,0,0,0,0,0,0,0,0,0,0,0
0,26,3487,34,0,76,50,0,0,0,0,1,0,0,453,104,763,0,916,0,1134,0,1011,20,399,0,145,0,471,0,165,0,3,163,27,0,0,34,797,94,0,0,1,0,0,0,0,0,0,0,105,0,1,0,1,0,0,0,0,0,0,0,602,0,0,0,0,0,11,0,0,0,0,0,0,0,0,0,0,0,7,0,65,0,103,0,0,0,61,0,36,0,5,0,0,0,29,0,7,0,2,0,95,0,0,0,148,0,0,0,0,0,0,0,0,0,0,0,0,0,0,0,0,0,0,0,5,0,0,0,0,0,0,0,20,0,12,0,2,0,0,0,18,0,0,0,0,0,0,13,0,0,0,0,0,0,0,0,0,0,0,0,0,0,0,0,0,0,0,16,0,0,3,0,0,0,32,0,0,0,0,0,0,0,0,0,0,0,5,0,0,0,1,0,4,0,0,0,0,0,6,0,0,0,2,0,0,0,0,0,0,0,0,0,106,0,7,0,1,0,10,0,7,0,0,0,1501,0,44,2,0,0,17,0,0,0,0,0,22,0,79,0,60,0,170,0,0,0,0,0,0,0,0,0,0,0,0,0,0,0,0,0,0,0,0,0,0,0,0,0,0,0,0,0
30,44,47,670,0,0,0,9,0,0,0,0,0,0,0,1778,0,1077,0,44,0,1263,20,2486,1,605,0,2,19,228,0,414,0,231,0,224,0,0,22,106,0,0,0,0,0,0,0,0,0,0,0,0,0,0,0,20,0,16,0,0,0,132,0,230,0,0,0,0,0,0,0,0,0,0,0,2,0,0,0,0,0,20,0,1,0,160,0,0,0,28,0,217,0,5,0,10,0,76,0,15,0,459,3,2,0,0,0,10,0,0,0,0,0,0,0,0,0,0,0,0,0,0,0,0,0,0,0,0,0,0,0,0,0,0,0,67,0,138,0,38,0,229,0,299,0,0,0,0,0,0,0,0,0,0,0,0,0,0,0,0,0,0,0,0,0,0,0,0,0,0,0,0,0,0,0,0,0,0,0,19,0,0,0,0,0,0,0,0,0,0,0,0,0,0,0,0,0,0,0,0,0,70,0,0,0,0,0,0,0,0,0,0,0,0,0,0,0,0,0,0,0,9,0,0,0,0,36,780,0,28,0,2,0,115,1,1,1,54,8,45,20,0,1,0,14,203,4,12,0,0,0,0,0,0,0,0,0,0,0,0,0,0,0,1,3,0,0,0,2,0,2,0,0,0
0,0,1024,41,1,0,59,55,0,0,0,0,0,0,15,0,582,0,267,0,4,0,399,1,64,54,10,0,83,0,0,0,4,1,8,0,0,0,275,0,0,0,18,0,10,0,0,0,0,0,27,0,65,0,1581,0,2,0,0,0,47,0,653,0,0,0,0,0,16,0,1,0,0,0,0,0,8,0,10,0,0,0,29,0,1,0,5,0,3,0,114,0,22,0,0,0,63,0,0,0,8,0,264,0,0,0,348,0,0,0,0,0,0,0,0,0,0,0,0,0,0,0,0,0,0,0,0,0,0,0,0,0,3,0,80,0,694,0,0,0,72,0,263,0,1,0,0,0,0,0,2,0,0,0,58,0,0,0,0,0,2,0,0,0,0,0,3,0,0,0,0,0,2,0,0,0,0,0,0,0,0,0,0,0,0,0,0,0,0,0,0,0,0,0,3,0,106,0,0,0,53,0,0,0,0,0,0,0,0,0,0,0,0,0,6,0,30,0,2,0,44,0,4,1,0,0,423,0,18,1,1,0,33,0,8,0,0,0,55,0,65,0,28,0,258,0,0,0,0,0,0,0,0,0,0,0,0,0,0,0,0,0,0,0,0,0,0,0,0,0,0,0,0,0
21,17,22,663,0,0,48,2067,104,0,0,0,0,0,0,326,0,96,0,6,0,1,0,605,54,692,0,0,0,176,0,0,0,266,0,0,0,0,0,87,0,0,0,0,0,0,0,0,0,0,0,0,22,41,11,1179,0,197,0,0,65,138,109,280,0,0,0,0,0,0,0,0,0,0,0,2,0,0,0,9,0,3,0,0,0,598,0,35,0,0,0,271,0,0,0,0,0,199,0,5,0,236,2,0,0,0,0,5,0,0,0,0,0,0,0,0,0,0,0,0,0,28,0,0,0,0,0,0,0,0,0,0,0,0,1,300,0,717,0,0,0,0,0,35,0,0,0,0,0,0,0,0,0,0,0,66,0,0,0,65,0,0,0,0,0,0,0,0,0,2,0,0,9,0,0,0,0,0,0,0,0,0,0,0,0,0,0,0,0,0,0,0,0,0,0,0,0,0,0,0,0,169,0,1,0,0,0,0,0,7,0,0,0,0,35,1,0,0,0,0,13,83,0,0,0,0,0,1355,1,30,0,0,36,77,0,1,0,0,0,2,0,0,0,0,0,31,2,8,0,0,0,0,0,0,0,0,0,0,0,0,0,0,0,0,3,0,0,0,1,0,2,0,0,0
0,109,71,0,114,384,0,0,0,15,77,120,41,316,18,0,13,0,1320,14,439,0,145,0,10,0,701,90,0,0,0,0,0,0,2,0,0,0,0,0,0,0,1433,0,1001,0,34,590,23,0,373,0,0,0,0,0,0,0,0,0,0,0,28,0,0,0,0,0,0,0,0,0,0,0,0,0,0,0,3,0,12,0,16,0,0,0,3,0,0,0,0,0,2,0,0,0,0,0,0,0,0,0,0,0,30,0,0,0,0,0,0,0,0,0,0,0,0,0,0,0,0,0,0,0,0,0,0,0,0,0,0,0,0,0,29,0,0,0,0,0,0,0,15,0,0,0,0,0,0,0,0,0,0,0,0,0,0,0,0,0,0,0,0,0,2,0,72,0,9,0,0,0,4,0,0,0,5,0,0,0,0,0,0,0,0,0,6,0,2,0,0,0,8,0,44,0,0,0,2,0,1,0,132,0,329,0,6,0,0,0,0,0,0,0,1,0,0,0,619,67,1,0,17,4,883,0,95,0,29,0,10,0,0,0,7,0,31,0,0,49,1,0,25,0,34,6,0,0,0,0,0,0,0,0,0,0,0,0,0,0,0,0,0,0,0,0,0,0,0,0,0,0,0,0
0,0,0,36,148,248,0,0,0,0,0,0,289,0,0,6,0,0,39,2192,0,334,0,2,0,0,90,2219,0,0,0,0,0,20,0,42,0,0,0,0,1,0,0,1404,0,548,0,329,0,41,0,449,0,0,0,0,0,0,0,0,0,0,0,1,0,0,0,0,0,106,0,11,0,5,0,1,0,100,0,0,0,6,0,90,0,11,0,3,0,3,0,0,0,6,0,62,0,25,0,5,0,17,0,0,0,18,0,10,0,0,0,0,0,0,0,0,0,0,0,0,0,0,0,0,0,0,0,0,0,0,0,3,0,0,0,40,0,1,0,0,0,0,0,14,0,0,0,0,0,0,0,0,0,0,0,25,0,0,0,0,0,12,0,7,0,0,0,0,0,2,0,0,0,0,0,0,0,0,0,0,0,0,0,0,0,0,16,0,0,49,0,23,0,6,0,54,0,0,0,11,0,5,0,70,0,94,0,12,0,0,0,0,0,6,0,0,0,0,0,1155,0,1,0,44,0,459,3,568,0,89,0,39,0,51,0,0,0,2,0,17,0,5,1,0,0,29,1,0,0,0,0,0,0,0,0,0,0,0,0,0,0,0,0,0,0,0,0,0,0,0,0,0,0,0
34,0,37,0,4,2,0,0,0,0,0,0,0,0,0,12,1017,0,0,0,103,0,471,19,83,0,0,0,192,0,222,0,510,0,2,0,0,0,256,0,0,0,0,0,0,0,0,0,0,0,1,0,0,0,0,0,0,0,0,0,0,0,1515,0,0,0,0,0,4,0,0,0,0,0,0,0,0,0,0,0,37,0,5,0,3,0,8,0,24,0,0,0,4,0,16,0,0,0,30,0,20,0,10,0,0,0,11,0,0,0,0,0,0,0,0,0,0,0,0,0,0,0,0,0,0,0,0,0,0,0,0,0,0,0,1,0,0,0,0,0,1,0,6,0,0,0,0,0,0,0,0,0,0,0,0,0,0,0,0,0,0,0,0,0,0,0,0,0,0,0,0,0,0,0,0,0,0,0,0,0,0,0,0,0,0,0,0,0,0,0,0,0,0,0,0,0,0,0,0,0,0,0,0,0,0,0,0,0,0,0,0,0,0,0,0,0,0,0,0,0,0,0,0,0,2,0,52,0,0,0,15,0,0,0,0,2,0,0,3,13,14,0,0,0,3,22,0,0,0,0,0,0,0,0,0,0,0,0,0,0,0,0,0,0,0,0,0,0,0,0,0,0,0,0
22,40,0,105,0,0,0,0,0,0,0,0,0,0,0,24,0,1482,0,2,0,50,0,228,0,176,0,0,0,4,0,195,0,39,0,170,0,27,0,0,0,0,0,0,0,0,0,0,0,0,0,0,0,0,0,0,0,0,0,0,0,0,0,865,0,0,0,0,0,0,0,0,0,0,0,0,0,0,0,0,0,0,0,0,0,83,0,0,0,5,0,9,0,2,0,4,0,17,0,12,0,61,0,0,0,0,0,0,0,0,0,0,0,0,0,0,0,0,0,0,0,0,0,0,0,0,0,1,0,0,0,0,0,0,0,2,0,73,0,370,0,209,0,79,0,6,0,0,0,0,0,0,0,0,0,0,0,0,0,0,0,0,0,0,0,0,0,0,0,0,0,0,0,0,0,0,0,0,0,0,0,0,0,0,0,0,0,0,0,0,0,0,0,0,0,0,0,0,0,0,0,0,0,0,0,0,0,0,0,0,0,0,0,0,0,0,0,0,0,0,0,0,0,0,0,0,0,68,0,0,0,0,0,0,0,0,0,0,0,0,0,0,0,0,0,0,0,0,0,0,0,0,0,0,0,0,0,0,0,0,0,0,0,0,0,0,0,0,0,0,0,0,0,0
0,1,4,0,1,0,0,0,0,0,0,0,0,0,269,0,67,0,13,0,408,0,165,0,0,0,0,0,222,0,612,0,715,0,117,0,1,0,22,0,0,0,10,0,5,0,0,0,0,0,106,0,10,0,0,0,0,0,0,0,20,0,393,0,0,0,0,0,0,0,0,0,0,0,12,0,0,0,0,0,188,0,5,0,10,0,116,0,1,0,0,0,17,0,9,0,0,0,51,0,89,0,30,0,0,0,6,0,0,0,0,0,0,0,0,0,0,0,0,0,3,0,6,0,0,0,0,0,0,0,0,0,0,0,0,0,1,0,0,0,161,0,38,0,0,0,0,0,0,0,0,0,0,0,0,0,0,0,0,0,3,0,0,0,0,0,0,0,35,0,0,0,0,0,0,0,0,0,0,0,0,0,0,0,0,0,0,0,0,0,0,0,0,0,0,0,0,0,0,0,0,0,6,0,0,0,1,0,0,0,0,0,0,0,0,0,0,0,0,0,0,0,0,0,2,0,155,0,1,0,0,0,4,0,2,0,0,0,14,5,19,0,0,0,86,2,1,0,0,0,0,0,0,0,0,0,0,0,0,0,0,0,0,0,0,0,0,0,0,0,14,1,0,0
0,2,0,5,25,0,0,0,0,0,0,0,0,0,0,96,0,0,0,0,0,451,0,414,0,0,0,0,0,195,0,420,0,404,0,415,0,7,0,0,0,0,0,0,0,0,0,0,0,0,0,0,0,0,0,0,0,0,0,0,0,0,0,0,0,0,0,0,0,0,0,0,0,0,0,0,0,0,0,0,0,0,0,0,0,0,0,0,0,0,0,6,0,0,0,0,0,0,0,0,0,5,0,1,0,0,0,1,0,0,0,0,0,0,0,0,0,0,0,0,0,0,0,0,0,0,0,0,0,0,0,0,0,0,0,0,0,2,0,4,0,25,0,105,0,0,0,0,0,0,0,0,0,0,0,0,0,0,0,0,0,0,0,0,0,0,0,0,0,1,0,0,0,0,0,0,0,0,0,0,0,0,0,0,0,0,0,0,0,0,0,0,0,0,0,0,0,0,0,0,0,0,0,0,0,0,0,0,0,0,0,0,0,0,0,0,0,0,0,0,0,0,0,0,0,0,0,55,0,0,0,0,0,0,0,0,0,0,0,0,0,0,0,0,0,0,0,0,0,0,0,0,0,0,0,0,0,0,0,0,0,0,0,0,0,0,0,0,0,0,0,0,0,0
0,0,169,0,71,0,8,0,0,0,0,0,0,0,428,1,7,0,17,0,136,0,3,0,4,0,0,0,510,0,715,0,304,0,102,0,48,0,4,0,0,0,0,0,0,0,0,0,0,0,360,0,3,0,0,0,0,0,0,0,0,0,243,0,0,0,0,0,0,0,16,0,0,0,150,0,0,0,0,0,66,0,14,0,5,0,126,0,2,0,0,0,7,0,6,0,0,0,13,0,15,0,12,0,0,0,0,0,0,0,0,0,0,0,0,0,0,0,0,0,2,0,1,0,0,0,0,0,0,0,0,0,0,0,11,0,0,0,0,0,36,0,28,0,0,0,0,0,0,0,0,0,0,0,0,0,0,0,0,0,0,0,0,0,10,0,2,0,7,0,0,0,6,0,0,0,9,0,0,0,0,0,0,0,0,0,0,0,1,0,0,0,0,0,0,0,0,0,0,0,0,0,14,0,3,0,2,0,0,0,0,0,0,0,0,0,0,0,0,0,0,0,0,0,0,0,473,0,0,0,0,0,2,0,1,0,0,0,6,0,80,0,0,0,94,2,0,0,0,0,0,0,0,0,0,0,0,0,0,0,0,0,0,0,0,0,0,0,0,0,0,0,0,0
82,283,55,480,261,54,8,27,0,0,0,0,0,0,124,847,0,10,0,84,0,114,163,231,1,266,0,20,0,39,0,404,0,561,0,1139,0,345,59,48,0,0,0,0,0,0,0,0,0,0,0,7,0,0,0,0,0,0,0,0,0,21,1,13,0,0,0,0,0,0,0,0,0,0,0,0,0,0,0,0,0,0,0,0,0,2,0,0,0,28,0,38,0,1,0,0,0,1,0,0,0,8,0,1,0,0,0,15,0,0,0,0,0,0,0,0,0,0,0,0,0,0,0,0,0,0,0,0,0,0,0,0,0,0,0,0,0,0,0,100,0,310,0,21,0,0,0,0,0,0,0,0,0,0,0,0,0,0,0,0,0,0,0,0,0,0,0,149,0,38,0,0,0,16,0,0,2,0,0,0,0,0,0,0,0,0,0,0,0,0,0,0,0,0,0,0,0,0,0,3,0,1,0,15,0,0,0,0,0,0,0,0,0,0,0,0,0,0,0,7,0,0,0,0,0,24,0,302,4,0,1,0,0,2,0,0,0,1,5,5,6,0,2,0,6,31,0,0,0,0,0,0,0,0,0,0,0,0,0,0,0,0,0,0,0,0,0,0,0,0,0,0,0,0
0,0,72,0,6,0,2,0,0,0,0,0,0,0,257,0,9,0,144,0,8,0,27,0,8,0,2,0,2,0,117,0,102,0,100,0,51,0,6,0,0,0,21,0,0,0,0,0,0,0,596,0,0,0,0,0,0,0,0,0,2,0,165,0,0,0,0,0,0,0,28,0,1,0,189,0,0,0,11,0,218,0,22,0,16,0,153,0,8,0,2,0,109,0,35,0,11,0,109,0,51,0,91,0,0,0,15,0,0,0,0,0,0,0,0,0,0,0,0,0,4,0,0,0,0,0,1,0,0,0,0,0,0,0,0,0,0,0,0,0,16,0,20,0,8,0,0,0,0,0,0,0,0,0,0,0,5,0,0,0,0,0,0,0,15,0,458,0,80,0,0,0,34,0,0,0,0,0,0,0,0,0,0,0,0,0,0,0,4,0,0,0,0,0,0,0,0,0,0,0,0,0,56,0,4,0,1,0,0,0,0,0,0,0,6,0,1,0,0,0,19,0,0,0,21,0,114,0,5,0,4,0,13,0,4,0,3,0,3,1,19,0,1,0,47,0,2,0,0,0,0,0,0,0,0,0,0,0,0,0,0,0,0,0,1,0,0,0,0,0,1,0,0,0
0,0,0,1,39,30,0,0,0,0,0,0,5,5,3,150,0,0,16,365,0,300,0,224,0,0,0,42,0,170,0,415,0,1139,0,9,0,171,0,97,0,0,0,76,0,0,0,0,0,0,0,508,0,0,0,0,0,0,0,0,0,21,0,0,0,0,0,0,0,0,0,0,0,0,0,0,0,0,0,5,0,5,0,0,0,29,0,59,0,0,0,0,0,0,0,0,1,0,0,0,0,0,0,0,0,0,0,8,0,0,0,0,0,0,0,0,0,0,0,0,0,10,0,0,0,0,10,0,0,0,0,0,0,0,0,0,0,17,0,52,0,455,0,266,0,0,0,0,0,0,0,0,0,0,0,0,0,0,0,0,0,0,0,0,0,0,0,87,0,50,0,0,0,5,0,0,0,0,0,0,0,0,0,0,0,0,0,41,0,39,0,0,0,10,0,0,0,0,0,0,0,0,0,201,0,13,0,0,0,0,0,0,0,0,0,0,0,0,0,104,0,18,0,7,0,15,2,360,0,28,1,96,0,0,0,0,0,5,0,32,0,57,0,0,0,15,0,0,0,0,0,0,0,0,0,0,0,0,0,0,0,0,0,0,0,0,0,0,0,0,0,0,0,0
0,0,28,0,2,0,12,0,0,0,0,0,0,0,119,0,0,0,119,15,101,0,0,0,0,0,0,0,0,0,1,0,48,0,51,0,298,0,96,0,0,0,25,0,0,0,0,0,0,0,328,0,0,0,0,0,0,0,0,0,145,0,1,0,0,0,0,0,0,0,294,0,4,0,98,0,0,0,1,0,20,0,2,0,0,0,80,0,0,0,0,0,38,0,0,0,0,0,9,0,6,0,0,0,0,0,0,0,0,0,0,0,0,0,0,0,0,0,0,0,0,0,0,0,0,0,0,0,0,0,0,0,0,0,0,0,0,0,0,0,12,0,30,0,117,0,0,0,0,0,0,0,0,0,0,0,0,0,0,0,0,0,1,0,31,0,716,0,31,0,0,0,126,0,0,0,0,0,0,0,0,0,0,0,0,0,0,0,0,0,0,0,0,0,0,0,0,0,0,0,0,0,2,0,0,0,0,0,0,0,0,0,0,0,0,0,0,0,8,0,5,0,0,0,0,0,4,0,0,0,0,0,0,0,0,0,0,0,0,0,6,0,0,0,3,0,0,0,0,0,0,0,0,0,0,0,0,0,0,0,0,0,0,0,0,0,0,0,0,0,0,0,0,0
0,0,4,4,120,41,0,0,0,0,1,22,21,0,114,202,0,0,0,7,7,73,34,0,0,0,0,0,0,27,0,7,0,345,0,171,0,689,0,167,0,0,0,6,0,4,0,0,0,0,0,405,0,0,0,0,0,0,0,0,0,139,0,0,0,0,0,0,0,0,0,7,0,2,0,109,0,88,0,30,0,3,0,0,0,3,0,40,0,0,0,0,0,1,0,0,1,0,0,0,0,0,0,0,0,1,0,1,0,0,0,0,0,0,0,0,0,0,0,0,0,10,0,31,1,0,30,0,0,0,1,0,0,0,0,0,0,0,0,185,0,571,0,73,0,39,14,0,0,0,0,0,0,0,0,0,0,5,0,0,0,0,0,17,0,17,0,1231,0,100,0,0,0,714,0,0,0,24,0,0,0,0,0,0,0,0,0,0,0,155,0,5,0,4,0,0,0,0,0,0,0,0,0,120,0,58,0,6,0,9,0,0,0,0,0,0,0,0,0,3,0,0,0,2,0,0,5,51,0,0,0,0,0,0,0,0,0,0,0,0,3,0,0,0,3,0,0,0,0,0,0,0,0,0,0,0,0,0,0,0,0,0,0,0,0,0,0,0,0,0,0,0,0,0
102,0,1051,27,263,2,109,0,0,0,19,0,0,0,306,106,8,0,3,14,34,0,797,22,275,0,0,0,256,0,22,0,4,59,6,0,96,0,1,0,0,0,49,0,0,0,0,0,0,0,99,0,0,0,0,0,0,0,0,0,78,0,350,0,0,0,0,0,0,0,83,0,0,0,32,0,0,0,0,0,45,0,0,0,0,0,15,0,0,0,0,0,5,0,3,0,0,0,0,0,2,0,23,0,0,0,3,0,0,0,0,0,0,0,0,0,0,0,0,0,0,0,0,0,0,0,0,0,0,0,0,0,0,0,0,0,0,0,0,0,55,0,68,0,0,0,0,0,0,0,0,0,0,0,0,0,0,0,0,0,0,0,0,0,44,0,54,0,0,0,0,0,19,0,0,0,71,0,0,0,0,0,0,0,0,0,0,0,0,0,0,0,0,0,0,0,2,0,0,0,0,0,0,0,0,0,9,0,0,0,0,0,0,0,8,0,5,0,1,0,5,0,14,0,0,0,795,0,7,3,0,0,53,0,1,0,0,0,18,10,71,0,0,0,143,10,0,0,0,0,0,0,0,0,0,0,0,0,0,0,0,0,0,0,0,0,0,0,0,0,0,0,0,0
246,505,12,131,7,1,10,439,36,0,0,0,0,0,61,156,0,391,0,19,5,46,94,106,0,87,0,0,0,0,0,0,0,48,0,97,0,167,0,0,0,0,0,6,0,0,0,0,0,0,0,26,9,4,2,1,0,0,0,0,0,7,0,145,0,0,0,0,0,0,0,10,0,0,0,0,0,0,0,0,0,0,0,0,0,0,0,0,0,0,0,9,0,0,0,0,0,0,0,0,0,7,0,0,0,0,0,9,0,0,0,0,0,0,0,0,0,0,0,0,0,0,0,3,0,0,0,0,0,0,0,0,0,0,0,14,0,4,0,350,0,0,0,0,0,129,0,1,0,0,0,0,0,0,0,0,0,0,0,0,0,0,0,0,0,0,0,5,0,99,0,0,0,126,0,0,8,0,0,0,0,0,0,0,0,0,0,0,0,0,0,0,0,0,0,0,0,0,0,5,0,0,0,1,0,0,0,5,0,6,0,0,0,0,0,0,0,0,0,0,0,264,0,0,0,3,0,487,0,0,0,0,0,9,0,0,0,0,0,0,0,0,0,0,0,12,0,0,0,0,0,0,0,0,0,0,0,0,0,0,0,0,0,0,0,0,0,0,0,0,0,0,0,0
0,1,0,0,125,248,0,0,0,0,81,74,177,88,0,0,0,0,0,0,0,0,0,0,0,0,0,1,0,0,0,0,0,0,0,0,0,0,0,0,35,244,0,0,8,0,214,502,838,25,0,0,0,0,0,0,0,0,0,0,0,0,0,0,0,0,0,0,0,0,0,0,0,0,0,0,0,0,0,0,0,0,0,0,0,0,0,0,0,0,0,0,0,0,0,0,0,0,0,0,0,0,0,0,0,0,0,0,0,0,0,0,0,0,0,0,0,0,0,0,0,0,0,0,0,0,0,0,0,0,0,0,0,0,0,0,0,0,0,0,0,0,0,0,0,0,0,0,0,0,0,0,84,0,0,0,0,0,0,0,0,0,0,0,1,0,0,0,1,0,0,0,0,0,45,0,106,5,250,0,89,0,6,0,60,0,550,0,0,0,0,0,0,0,0,0,0,0,0,0,0,0,0,0,0,0,0,0,0,0,0,0,0,0,0,0,1,0,93,0,0,0,18,22,15,0,0,0,6,0,0,0,0,0,0,0,0,0,0,0,1,0,0,0,0,0,0,0,0,0,0,0,0,0,0,0,0,0,0,0,0,0,0,0,0,0,0,0,0,0,0,0,0,0
0,4,0,0,17,4,0,0,0,2,0,671,4,182,0,0,0,0,0,0,0,0,0,0,0,0,0,0,0,0,0,0,0,0,0,0,0,0,0,0,244,49,0,0,0,39,640,153,100,729,0,0,0,0,0,0,0,0,0,0,0,0,0,0,0,0,0,0,0,8,0,0,0,0,0,0,0,0,0,0,0,0,0,4,0,0,0,0,0,0,0,0,0,0,0,0,0,0,0,0,0,0,0,0,0,0,0,0,0,0,0,0,0,0,0,0,0,0,0,0,0,0,0,0,0,0,0,0,0,0,0,0,0,0,0,0,0,0,0,0,0,0,0,0,0,0,0,0,0,0,0,1,0,284,0,0,0,0,0,0,0,0,0,0,0,0,0,0,0,0,0,0,0,0,0,5,0,782,0,0,0,105,0,14,0,3,275,161,0,0,0,0,0,0,0,0,0,0,0,0,0,0,0,0,0,0,0,0,0,0,0,0,0,0,0,0,0,0,29,0,0,0,0,175,0,0,0,3,0,0,0,0,0,0,0,0,0,0,0,0,0,0,0,0,0,0,0,0,0,0,0,0,0,0,0,0,0,0,0,0,0,0,0,0,0,0,0,0,0,0,0,0,0,0
2,0,61,0,0,0,25,0,0,0,0,0,0,0,0,0,0,0,30,0,26,0,1,0,18,0,1433,0,0,0,10,0,0,0,21,0,25,0,49,0,0,0,414,0,1753,0,109,124,119,0,762,0,0,0,0,0,3,0,2,0,0,0,0,0,0,0,0,0,248,0,14,0,1,0,16,0,214,0,3,0,3,0,123,0,0,0,6,0,0,0,0,0,0,0,0,0,0,0,2,0,0,0,1,0,0,0,14,0,0,0,0,0,0,0,0,0,0,0,0,0,0,0,0,0,0,0,0,0,0,0,0,0,0,0,0,0,0,0,0,0,2,0,2,0,2,0,0,0,0,0,0,0,0,0,0,0,0,0,0,0,0,0,0,0,308,0,304,0,46,0,0,0,139,0,0,0,0,0,0,0,0,0,0,0,0,0,2,0,0,0,0,0,4,0,1,0,0,0,0,0,0,0,4,0,32,0,0,0,0,0,0,0,0,0,0,0,0,0,188,0,13,0,0,0,302,0,250,0,20,0,15,0,0,0,0,0,81,0,1,0,27,0,3,0,1,0,0,0,0,0,0,0,0,0,0,0,0,0,0,0,0,0,0,0,0,0,0,0,0,0,0,0,0,0
0,0,0,0,23,0,0,0,0,0,0,0,0,0,0,0,0,0,0,85,0,123,0,0,0,0,0,1404,0,0,0,0,0,0,0,76,0,6,0,6,0,0,0,229,0,2139,0,20,0,74,0,99,0,0,0,0,0,0,0,0,0,32,0,0,0,0,0,0,0,44,0,75,0,14,0,86,0,46,0,13,0,1,0,2,0,0,0,142,0,0,0,0,0,0,0,4,0,0,0,0,0,0,0,0,0,14,0,0,0,0,0,0,0,0,0,0,0,0,0,0,0,27,0,8,0,9,1,0,0,0,0,18,0,4,0,0,0,0,0,0,0,7,0,1,0,34,0,0,0,0,0,0,0,0,0,0,0,0,0,0,0,61,0,19,0,100,0,50,0,39,0,1,0,3,0,0,0,0,0,0,0,0,0,0,0,0,0,0,0,28,0,1,0,14,0,8,0,0,0,3,0,1,0,72,0,25,0,0,0,2,0,0,0,4,0,0,0,0,0,548,0,13,0,35,0,38,0,344,0,59,0,14,0,36,0,0,0,0,0,16,0,0,0,0,0,12,0,0,0,0,0,0,0,0,0,0,0,0,0,0,0,0,0,0,1,0,0,0,0,0,0,0,0,0
0,0,0,0,1,0,0,1,0,2,0,0,0,0,0,0,0,0,35,0,0,0,0,0,10,0,1001,0,0,0,5,0,0,0,0,0,0,0,0,0,8,0,1753,0,1904,0,235,19,722,88,248,0,0,0,0,0,0,0,0,0,0,0,4,0,0,0,0,0,47,0,0,0,0,0,0,0,54,0,2,0,0,0,5,0,0,0,0,0,4,0,1,0,0,0,0,0,1,0,0,0,0,0,0,0,20,0,17,0,0,0,0,0,0,0,0,0,0,0,0,0,0,0,0,0,0,0,0,0,0,0,0,0,0,0,2,0,0,0,0,0,0,0,0,0,0,0,0,0,0,0,0,0,0,0,0,0,0,0,0,0,0,0,0,0,1,0,0,0,35,0,0,0,0,0,2,0,2,0,0,0,0,0,0,0,0,0,0,0,0,0,1,0,0,0,8,0,1,0,0,0,3,0,1,1,133,0,0,2,0,0,0,0,0,0,2,0,1,0,538,0,0,0,52,16,161,0,1,0,0,0,0,0,1,0,0,0,2,0,0,0,0,0,3,0,2,0,0,0,0,0,0,0,0,0,0,0,0,0,0,0,0,0,0,0,0,0,0,0,0,0,0,0,0,0
0,0,0,0,2,3,0,0,0,0,0,13,0,2,0,0,0,0,0,1,0,0,0,0,0,0,0,548,0,0,0,0,0,0,0,0,0,4,0,0,0,39,0,2139,0,2259,1,662,0,541,0,255,0,0,0,0,0,0,0,0,0,0,0,0,0,0,0,0,0,386,0,27,0,27,0,2,0,1058,0,0,0,3,0,208,0,0,0,324,0,0,0,0,0,0,0,36,0,0,0,0,0,0,0,0,0,7,0,0,0,0,0,0,0,0,0,0,0,0,0,0,0,0,0,0,0,0,1,0,0,0,0,0,0,0,0,0,0,2,0,0,0,0,0,0,0,2,0,0,0,0,0,0,0,0,0,0,0,0,0,0,2,28,0,44,0,33,0,0,0,142,0,0,0,0,0,0,0,0,0,0,0,0,0,0,0,0,0,0,0,50,0,16,0,3,0,0,0,0,0,6,0,0,0,85,0,37,0,3,0,1,0,0,0,21,0,0,0,1,48,357,0,0,19,507,0,0,0,9,0,38,0,2,0,0,0,0,0,0,0,0,0,0,0,0,0,3,0,0,0,0,0,0,0,0,0,0,0,0,0,0,0,0,0,0,3,0,0,0,0,0,0,0,0,0
0,2,0,0,80,209,0,0,0,0,0,86,49,43,0,0,0,0,1,1,0,0,0,0,0,0,34,0,0,0,0,0,0,0,0,0,0,0,0,0,214,640,109,0,235,1,736,1098,585,232,1,0,0,0,0,0,0,0,0,0,0,0,0,0,0,0,0,0,3,3,0,0,0,0,0,0,0,0,0,0,0,0,2,0,0,0,0,0,0,0,0,0,0,0,0,0,0,0,0,0,0,0,12,0,74,0,1,0,0,0,0,0,0,0,0,0,0,0,0,0,0,0,0,0,0,0,0,0,0,0,0,0,0,0,0,0,0,0,0,0,0,0,0,0,0,0,0,0,0,0,0,0,1,0,0,0,0,0,0,0,0,0,0,0,35,0,0,0,8,0,0,0,0,0,4,0,2,27,0,0,0,25,0,0,0,1,34,0,1,0,0,0,0,0,2,0,0,0,0,0,0,0,0,0,70,0,0,1,0,0,0,0,0,0,0,0,12,0,503,0,0,0,114,58,120,0,8,0,0,0,0,0,0,0,0,0,16,0,0,0,0,0,1,0,0,0,0,0,0,0,0,0,0,0,0,0,0,0,0,0,0,0,0,0,0,0,0,0,0,0,0,0,0,0
0,43,0,0,196,464,0,0,0,0,0,65,432,420,0,108,0,0,114,392,0,0,0,0,0,0,590,329,0,0,0,0,0,0,0,0,0,0,0,0,502,153,124,20,19,662,1098,532,63,714,0,81,0,0,0,0,0,0,0,0,0,0,0,0,0,0,0,0,0,73,0,0,0,0,0,0,0,47,0,0,0,0,0,48,0,0,0,0,0,0,0,0,0,0,0,6,0,0,0,0,0,0,0,0,0,1,0,0,0,0,0,0,0,0,0,0,0,0,0,0,0,0,0,0,0,0,0,0,0,0,0,0,0,0,0,0,0,0,0,0,0,0,0,0,0,0,0,0,0,0,0,0,22,0,0,0,0,0,0,0,0,0,0,0,0,0,0,0,0,1,0,0,0,0,0,0,9,116,0,0,8,16,0,0,0,0,308,0,2,0,0,0,0,0,0,0,0,0,0,0,0,0,0,1,3,1,0,0,0,0,0,0,0,4,0,0,0,0,224,983,0,0,60,473,19,10,2,47,0,43,0,9,0,0,0,0,0,0,0,4,0,0,0,0,0,1,0,0,0,0,0,0,0,0,0,0,0,0,0,0,0,0,0,0,0,0,0,0,0,0,0,0,0,0
0,0,0,0,0,0,0,0,0,0,0,0,0,1,0,0,0,0,19,0,0,0,0,0,0,0,23,0,0,0,0,0,0,0,0,0,0,0,0,0,838,100,119,0,722,0,585,63,236,854,6,0,0,0,0,0,0,0,0,0,0,0,9,0,0,0,0,0,266,9,0,0,0,0,0,0,2,0,0,0,0,0,10,0,0,0,0,0,0,0,0,0,0,0,0,0,0,0,2,0,0,0,0,0,2,0,0,0,0,0,0,0,0,0,0,0,0,0,0,0,0,0,0,0,0,0,0,0,0,0,0,0,0,0,0,0,0,0,0,0,0,0,1,0,0,0,0,0,0,0,0,0,361,2,0,0,0,0,0,0,0,0,0,0,2,43,0,0,389,0,0,0,0,0,430,0,373,12,197,0,7,1,4,0,113,0,631,0,1,0,4,0,0,0,0,0,1,0,0,0,0,0,1,0,3,0,14,0,0,0,0,0,30,0,382,0,3,0,38,0,0,0,48,516,71,0,35,0,6,0,4,0,0,0,0,0,22,0,2,0,23,0,6,0,28,0,0,0,0,0,0,0,0,0,0,0,0,0,0,0,0,0,0,0,0,0,0,0,0,0,0,0,0,0
0,32,0,0,0,0,0,0,0,0,0,48,0,13,0,0,0,0,0,0,0,0,0,0,0,0,0,41,0,0,0,0,0,0,0,0,0,0,0,0,25,729,0,74,88,541,232,714,854,203,0,10,0,0,0,0,0,0,0,0,0,0,0,0,0,0,0,0,1,751,0,7,0,1,0,2,9,31,0,0,0,0,0,13,0,0,0,9,0,0,0,0,0,0,0,1,0,0,0,0,0,0,4,0,1,0,0,0,0,0,0,0,0,0,0,0,0,0,0,0,0,0,0,0,0,0,0,0,0,0,0,0,0,0,0,0,0,0,0,0,0,0,0,0,0,0,0,0,0,0,0,0,0,136,0,0,0,0,0,0,1,10,0,0,0,4,0,0,1,0,0,0,0,0,0,27,7,65,0,0,0,266,0,0,2,14,81,0,0,1,0,0,2,0,1,0,4,0,0,1,0,0,0,3,1,5,0,1,0,1,0,0,0,0,0,121,1,318,24,7,0,0,54,149,0,0,0,1,0,0,0,0,0,0,0,0,1,0,0,168,0,2,3,0,0,24,0,0,0,0,0,0,0,0,0,0,0,0,0,0,0,0,0,0,0,0,0,0,0,0,0,0,0,0
0,0,46,0,1,0,19,0,0,0,0,0,0,0,51,1,28,0,725,0,885,0,105,0,27,0,373,0,1,0,106,0,360,0,596,0,328,0,99,0,0,0,762,0,248,0,1,0,6,0,437,0,0,0,0,0,0,0,0,0,56,0,147,0,0,0,0,0,119,0,36,0,26,0,61,0,84,0,0,0,39,0,21,0,7,0,27,0,3,0,4,0,116,0,1,0,5,0,150,0,52,0,94,0,3,0,35,0,0,0,0,0,0,0,0,0,0,0,0,0,0,0,0,0,0,0,0,0,0,0,0,0,0,0,2,0,6,0,0,0,14,0,7,0,9,0,0,0,0,0,0,1,0,0,0,0,0,0,0,0,1,0,0,0,176,0,429,0,110,0,0,0,85,0,0,0,0,0,0,0,0,0,0,0,0,0,0,0,5,0,0,0,0,0,4,0,0,0,0,0,1,0,37,0,12,0,0,0,1,0,0,0,0,0,27,0,1,0,104,0,80,0,3,0,267,0,722,0,26,0,84,0,5,0,94,0,16,0,19,3,100,0,64,1,99,4,2,0,0,0,0,0,0,0,0,0,0,0,0,0,0,0,0,0,1,0,0,0,0,0,5,0,0,0
0,0,0,0,10,29,0,0,0,0,0,0,0,0,0,0,0,0,0,115,0,124,0,0,0,0,0,449,0,0,0,0,0,7,0,508,0,405,0,26,0,0,0,99,0,255,0,81,0,10,0,76,0,0,0,0,0,0,0,0,0,20,0,0,0,0,0,0,0,10,0,9,0,13,0,209,0,18,0,72,0,107,0,14,0,38,0,277,0,0,0,0,0,41,0,2,0,0,0,0,0,4,0,0,0,69,0,0,0,0,0,0,0,0,0,0,0,0,0,0,0,39,0,2,0,2,6,0,0,15,0,16,0,19,0,0,1,3,0,1,0,70,0,38,0,102,0,0,0,0,0,0,0,0,0,0,0,21,0,0,0,0,0,10,0,39,0,144,0,252,0,0,0,58,0,0,0,0,0,0,0,0,0,0,0,0,0,0,0,460,0,2,0,19,0,28,0,0,0,20,0,2,0,166,0,102,0,0,0,0,0,0,0,0,0,0,0,0,0,266,0,8,0,20,0,61,0,68,0,7,0,72,0,32,0,0,0,0,0,34,0,7,0,0,0,21,0,0,0,0,0,0,0,0,0,0,0,0,0,0,0,0,0,0,6,0,0,1,0,0,0,0,0,0
0,0,4,0,11,0,117,8,16,32,0,0,0,0,0,0,15,0,0,0,0,0,1,0,65,22,0,0,0,0,10,0,3,0,0,0,0,0,0,9,0,0,0,0,0,0,0,0,0,0,0,0,1895,0,618,48,173,4,62,0,68,0,386,8,0,0,0,0,0,0,0,0,0,0,0,0,0,0,0,0,0,0,0,0,0,0,0,0,0,0,41,0,0,0,0,0,56,0,56,0,18,0,31,0,0,0,151,0,0,0,0,0,0,0,0,0,0,0,0,0,0,0,0,0,2,0,0,0,0,0,5,0,62,0,0,0,292,0,1309,0,1677,0,15,0,52,0,0,0,41,0,0,0,0,0,4137,0,116,0,690,0,54,0,0,0,0,0,0,0,96,0,0,0,85,0,0,0,0,0,0,0,0,0,0,0,0,0,0,0,0,0,0,0,0,0,0,0,0,0,0,0,0,0,0,0,0,0,0,0,0,0,0,0,0,0,5,0,0,0,0,0,243,1,0,0,0,0,2040,0,255,2,0,0,51,0,2,0,0,0,4,0,0,0,0,0,143,0,3,0,0,0,0,0,0,0,0,0,0,0,0,0,0,0,0,0,0,0,0,0,0,0,0,0,0,0
0,15,0,0,0,0,1,1,0,0,0,0,0,0,0,0,0,85,0,0,0,0,0,0,0,41,0,0,0,0,0,0,0,0,0,0,0,0,0,4,0,0,0,0,0,0,0,0,0,0,0,0,0,153,9,970,0,888,20,0,0,120,0,187,0,0,5,0,0,0,0,0,0,0,0,0,0,0,0,0,0,0,0,0,0,6,0,0,0,0,0,0,0,0,0,0,0,0,0,0,0,0,0,0,0,0,0,0,0,0,0,0,0,0,0,0,0,0,0,0,0,0,0,0,0,0,0,0,0,118,0,1,0,0,0,42,0,536,0,535,0,84,0,0,0,17,0,0,0,0,0,0,0,0,0,2707,0,0,0,366,0,47,0,0,0,0,0,0,0,0,0,13,0,0,0,0,0,0,0,0,0,0,0,0,0,0,0,0,0,0,0,0,0,0,0,0,0,0,0,0,0,0,0,0,0,0,0,0,0,0,0,0,0,0,0,0,0,0,0,0,0,178,0,0,0,1,0,1169,0,87,0,0,0,20,0,12,0,0,0,33,0,0,0,0,0,153,0,0,0,0,0,0,0,0,0,0,0,0,0,0,0,0,0,0,0,0,0,0,0,0,0,0,0,0
0,0,2,0,3,1,1689,12,6,8,0,0,0,0,0,0,137,0,0,0,0,0,1,0,1581,11,0,0,0,0,0,0,0,0,0,0,0,0,0,2,0,0,0,0,0,0,0,0,0,0,0,0,618,9,359,26,0,0,459,0,110,4,36,16,0,0,0,0,0,0,0,0,0,0,0,0,0,0,0,0,0,0,0,0,0,0,0,0,0,0,0,0,1,0,0,0,0,0,0,0,0,0,1,0,0,0,0,0,0,0,0,0,0,0,0,0,0,0,0,0,0,0,0,0,1,0,0,0,0,0,1,0,5,0,0,0,98,0,13,0,22,0,52,0,0,0,0,0,0,0,2,0,0,0,276,0,9,0,4,0,32,0,0,0,0,0,0,0,50,0,0,0,182,0,0,0,0,0,0,0,0,0,0,0,0,0,0,0,0,0,0,0,0,0,0,0,0,0,0,0,0,0,0,0,0,0,0,0,0,0,0,0,0,0,3,0,0,0,0,0,206,0,0,0,0,0,696,0,161,22,0,0,56,0,0,0,0,0,0,0,0,0,0,0,0,0,0,0,0,0,0,0,0,0,0,0,0,0,0,0,0,0,0,0,0,0,0,0,0,0,0,0,0,0
0,2,0,25,0,19,6,870,227,158,0,0,0,0,0,8,0,0,0,0,0,0,0,20,0,1179,0,0,0,0,0,0,0,0,0,0,0,0,0,1,0,0,0,0,0,0,0,0,0,0,0,0,48,970,26,813,54,307,236,68,0,356,0,429,0,0,0,38,0,0,0,0,0,0,0,0,0,0,0,0,0,0,0,0,0,7,0,1,0,0,0,0,0,0,0,0,0,0,0,0,0,0,1,0,0,0,0,0,0,0,0,0,0,0,0,0,0,0,0,0,0,0,0,0,0,0,0,1,0,3,9,262,0,23,2,190,0,559,0,17,0,29,0,0,0,0,0,0,0,0,0,0,0,0,15,196,0,59,2,52,0,120,0,0,0,0,0,0,0,30,0,28,0,0,0,0,0,0,0,0,0,0,0,14,0,0,0,0,0,0,0,0,0,0,0,0,0,0,0,0,0,0,0,0,0,0,0,0,0,12,0,0,0,0,9,1,0,0,0,8,26,1201,0,0,0,12,42,1485,4,331,0,0,38,157,0,38,0,0,0,5,0,0,0,0,0,55,3,4,0,0,0,2,0,0,0,0,0,0,0,0,0,0,0,0,0,0,0,0,1,0,0,0,0,0
0,0,6,0,0,0,327,13,11,82,0,0,0,0,0,0,0,0,0,0,0,0,0,0,2,0,0,0,0,0,0,0,0,0,0,0,0,0,0,0,0,0,3,0,0,0,0,0,0,0,0,0,173,0,0,54,1392,25,122,3,26,0,0,0,4,0,0,33,0,0,0,0,0,0,0,0,0,0,0,0,0,0,0,0,0,0,0,0,0,0,0,0,0,0,0,0,0,0,0,0,0,0,0,0,0,0,0,0,0,0,0,0,0,0,0,0,0,0,0,0,0,0,0,0,0,0,24,0,96,0,64,0,35,0,21,1,57,0,0,0,0,0,94,0,18,0,0,0,0,0,0,0,0,0,1557,0,765,0,3,0,2386,0,0,0,0,0,0,0,12,0,33,0,85,0,0,0,0,0,0,0,0,0,0,0,0,0,0,0,0,0,0,0,0,0,0,0,0,0,0,0,0,0,0,0,0,0,0,0,0,0,0,0,0,0,14,0,0,0,0,0,958,0,0,0,15,0,135,1,442,0,0,0,392,0,14,0,0,0,36,0,0,0,0,0,26,0,0,0,0,0,0,0,0,0,0,0,0,0,0,0,0,0,0,0,0,1,0,0,0,0,0,0,0,6
0,0,0,39,0,34,0,318,0,97,0,0,0,0,0,16,0,0,0,0,0,0,0,16,0,197,0,0,0,0,0,0,0,0,0,0,0,0,0,0,0,0,0,0,0,0,0,0,0,0,0,0,4,888,0,307,25,640,47,788,0,215,0,22,0,0,0,2,0,35,0,0,0,17,0,0,0,0,0,0,0,0,0,0,0,0,0,0,0,0,0,0,0,0,0,0,0,0,0,0,0,0,0,0,0,0,0,0,0,0,0,0,0,0,0,0,0,0,0,0,0,0,0,0,0,0,0,1,0,446,0,471,0,4,0,0,0,204,0,160,0,49,0,0,0,23,0,0,0,0,0,0,0,0,0,3751,0,671,0,81,7,1307,0,0,0,0,0,0,0,43,0,394,0,0,0,0,0,0,0,0,0,0,0,0,0,1,0,0,0,0,0,0,0,0,0,0,0,0,0,0,0,0,0,0,0,0,0,0,0,6,0,0,0,0,0,0,0,0,0,62,0,2338,0,4,0,40,0,646,1,652,0,0,0,177,0,25,0,0,0,93,0,0,0,0,0,80,0,14,0,0,0,0,0,0,0,0,0,0,0,0,0,0,0,0,0,0,0,0,0,0,0,0,0,0
0,0,0,0,1,0,5,108,56,597,0,0,0,0,0,0,18,0,0,0,0,0,0,0,0,0,0,0,0,0,0,0,0,0,0,0,0,0,0,0,0,0,2,0,0,0,0,0,0,0,0,0,62,20,459,236,122,47,18,117,95,0,1,61,1219,0,1473,383,0,0,0,0,0,33,0,0,0,0,0,0,0,0,0,0,0,0,0,0,0,0,0,0,0,0,0,0,0,0,0,0,0,0,3,0,0,0,0,0,0,0,0,0,0,0,0,0,0,0,0,0,0,0,0,0,0,0,0,0,12,0,509,0,0,0,1,3,1,0,6,0,0,0,0,0,17,0,0,0,1,0,0,0,0,0,114,0,416,73,0,0,2176,0,0,0,0,0,0,0,0,0,0,0,72,0,0,0,82,0,0,0,0,0,0,0,0,33,0,0,0,0,0,0,0,0,0,0,0,0,0,0,0,0,0,0,0,0,0,0,0,0,0,0,0,0,65,0,0,0,0,3,495,178,0,2,0,2,467,98,90,62,0,0,452,0,3,0,0,0,11,8,0,0,0,0,376,0,25,3,0,0,0,0,0,0,0,0,0,0,0,0,0,0,0,0,0,0,0,0,0,0,0,0,0,0
0,0,0,0,0,2,0,2,0,55,0,0,0,0,0,0,0,0,0,0,0,0,0,0,0,0,0,0,0,0,0,0,0,0,0,0,0,0,0,0,0,0,0,0,0,0,0,0,0,0,0,0,0,0,0,68,3,788,117,268,0,0,0,0,489,31,25,1577,0,0,0,0,0,0,0,0,0,0,0,0,0,0,0,0,0,0,0,0,0,0,0,0,0,0,0,0,0,0,0,0,0,0,0,0,0,0,0,0,0,0,0,0,0,0,0,0,0,0,0,0,0,0,0,0,0,0,0,0,0,0,0,242,0,0,0,0,0,0,0,0,0,0,0,0,0,0,0,0,0,9,0,0,0,0,28,106,0,3,0,5,165,2073,0,0,0,0,0,0,0,0,0,0,0,0,37,23,15,0,0,0,0,0,0,1,0,75,0,0,0,0,0,0,0,0,0,0,0,0,0,0,0,0,0,0,0,0,0,0,0,0,0,0,0,0,0,2,0,0,0,0,0,298,0,0,0,11,0,326,0,0,0,0,0,613,1,217,0,1,0,23,0,0,0,0,0,232,0,14,0,0,0,0,0,0,0,0,0,0,0,0,0,0,0,1,0,0,0,0,1,0,0,0,0,0
159,66,609,4,29,0,1043,5,169,31,0,0,0,0,0,0,7,0,0,0,0,0,0,0,47,65,0,0,0,0,20,0,0,0,2,0,145,0,78,0,0,0,0,0,0,0,0,0,0,0,56,0,68,0,110,0,26,0,95,0,67,0,71,0,0,0,0,0,0,0,0,0,0,0,6,0,0,0,0,0,0,0,0,0,0,0,0,0,0,0,0,0,0,0,0,0,0,0,0,0,0,0,0,0,0,0,0,0,0,0,0,0,0,0,0,0,0,0,0,0,0,0,0,0,0,0,0,0,0,0,0,0,0,0,0,0,0,0,851,0,428,0,3,0,1592,0,0,0,0,0,0,0,0,0,85,0,684,0,152,0,25,0,0,0,0,0,68,0,17,0,51,0,1502,0,0,0,0,0,0,0,0,0,0,0,0,0,0,0,0,0,0,0,0,0,0,0,0,0,0,0,0,0,0,0,0,0,0,0,0,0,0,0,0,0,0,0,0,0,0,0,1,0,0,0,0,0,115,0,27,14,0,0,8,0,6,0,0,0,7,0,2,0,0,0,95,0,0,0,0,0,0,0,0,0,0,0,0,0,0,0,0,0,0,0,0,0,0,0,0,0,0,0,0,0
9,234,26,13,0,4,187,329,234,1,0,0,0,0,0,5,0,87,0,0,0,19,0,132,0,138,0,0,0,0,0,0,0,21,0,21,0,139,0,7,0,0,0,32,0,0,0,0,0,0,0,20,0,120,4,356,0,215,0,0,0,0,5,3,0,0,10,0,0,0,0,0,0,0,0,0,0,0,0,0,0,0,0,0,0,0,0,0,0,0,0,0,0,0,0,0,0,0,0,0,0,0,0,0,0,0,0,0,0,0,0,0,0,0,0,0,0,0,0,0,0,0,0,0,0,0,0,0,0,164,0,0,0,0,0,0,0,0,0,769,0,0,0,0,0,1553,0,0,0,0,0,0,0,0,0,373,0,129,0,143,0,18,0,0,0,0,0,47,0,232,0,247,0,656,0,0,0,1,0,0,0,0,0,0,0,0,0,0,0,0,0,0,0,0,0,0,0,0,0,0,0,0,0,2,0,0,0,6,0,0,0,0,0,0,0,0,0,0,0,0,0,226,0,0,0,0,0,1171,0,68,0,0,0,0,0,0,0,0,0,0,0,0,0,0,0,0,0,0,0,0,0,0,0,0,0,0,0,0,0,0,0,0,0,0,0,0,0,0,0,0,0,0,0,0
0,148,391,9,0,0,908,8,0,0,0,0,0,0,0,1,793,0,0,0,251,0,602,0,653,109,28,0,1515,0,393,0,243,1,165,0,1,0,350,0,0,0,0,0,4,0,0,0,9,0,147,0,386,0,36,0,0,0,1,0,71,5,445,0,0,0,0,0,0,0,0,0,0,0,14,0,0,0,0,0,28,0,1,0,1,0,40,0,0,0,0,0,12,0,3,0,0,0,135,0,32,0,107,0,0,0,1,0,0,0,0,0,0,0,0,0,0,0,0,0,1,0,0,0,0,0,0,0,0,0,0,0,0,0,0,0,8,0,6,0,390,0,3,0,0,0,0,0,0,0,0,0,0,0,0,0,0,0,1,0,0,0,0,0,0,0,2,0,27,0,0,0,46,0,0,0,0,0,0,0,0,0,0,0,0,0,0,0,0,0,0,0,0,0,0,0,0,0,0,0,0,0,0,0,0,0,0,0,0,0,0,0,0,0,28,0,0,0,0,4,33,16,0,0,85,0,374,0,346,10,1,0,99,1,0,0,0,0,14,0,9,0,0,0,36,0,0,0,0,0,0,0,0,0,0,0,0,0,0,0,0,0,0,0,0,0,0,0,0,0,0,0,0,0
0,146,0,0,0,0,0,323,45,0,0,0,0,0,0,13,0,930,0,210,0,113,0,230,0,280,0,1,0,865,0,0,0,13,0,0,0,0,0,145,0,0,0,0,0,0,0,0,0,0,0,0,8,187,16,429,0,22,61,0,0,3,0,421,0,0,0,0,0,0,0,0,0,0,0,0,0,0,0,0,0,0,0,0,0,0,0,0,0,0,0,0,0,0,0,0,0,0,0,0,0,1,0,0,0,0,0,0,0,0,0,0,0,0,0,0,0,0,0,0,0,0,0,0,0,1,0,0,0,39,0,1,0,1,1,2,0,366,0,315,0,172,0,0,0,56,0,0,0,0,0,0,0,0,0,8,0,0,0,1,0,7,0,0,0,0,0,0,0,0,0,0,0,0,0,0,0,0,0,0,0,0,0,0,0,0,0,0,0,0,0,0,0,0,0,0,0,0,0,0,0,0,0,0,0,0,0,7,0,17,0,0,0,0,0,0,0,0,0,2,6,80,0,0,0,3,0,1172,3,3,0,0,5,20,0,0,0,0,0,5,0,0,0,0,0,91,0,1,0,0,3,0,0,4,0,0,0,0,0,0,0,0,0,1,0,0,0,0,0,0,0,0,0,0
249,0,0,0,0,0,0,24,887,48,3,0,12,0,0,0,0,0,0,0,0,0,0,0,0,0,0,0,0,0,0,0,0,0,0,0,0,0,0,0,0,0,0,0,0,0,0,0,0,0,0,0,0,0,0,0,4,0,1219,489,0,0,0,0,27,13,321,1083,0,0,0,0,0,0,0,0,0,0,0,0,0,0,0,0,0,0,0,0,0,0,0,0,0,0,0,0,0,0,0,0,0,0,0,0,0,0,0,0,0,0,0,0,0,0,0,0,0,0,0,0,0,0,0,0,0,0,0,0,0,0,107,0,0,0,0,0,0,0,0,0,0,0,0,0,0,0,0,0,11,0,0,0,0,0,0,4,0,0,0,0,600,195,0,0,0,0,0,0,0,0,0,0,0,0,161,0,199,0,0,0,353,0,79,0,768,0,0,0,0,0,0,0,0,0,0,0,0,0,0,0,0,0,0,0,0,0,0,0,0,0,0,0,0,0,0,0,0,0,0,0,5,0,0,0,0,0,21,0,0,0,0,0,6,2,0,0,0,0,0,0,0,0,0,0,0,0,0,0,0,0,0,0,0,0,0,0,0,0,0,0,0,0,0,0,0,0,0,0,0,0,0,0,0,0
